0.09908860972492317,0.07445961250110529,0.5855584908391916,0.43665512864829226,0.30040703274942143,0.7100368058776423,0.015814210748683943
0.2082717491875863,0.12573629576504988,0.6788195789342911,0.8069933532158577,0.743138092778659,0.7396213470734839,0.07547121373803785
0.1711805049324932,0.10866486087282692,0.5863926688975938,0.6996073521474974,0.2651461479345625,0.8227758700300736,0.10912049640214978
0.17593820019433531,0.11098243419419775,0.6242219869870033,0.7077700775155794,0.2623421540804771,0.83175604500933,0.11523866551855433
0.07153756222491195,0.061588548694483054,0.4453407455652425,0.37367517631841685,0.002724835060056794,0.7524328992436508,0.03162344170925164
0.08554892595813457,0.06852761110142486,0.6361938586652643,0.3782797351027972,0.002899476040731927,0.7793688144986345,0.04801070010840504
0.1756086447059162,0.11001194418208696,0.1382802276921301,0.8244755869475346,0.2979167975539696,0.8028986509324667,0.1105194308609215
0.14145406293868118,0.09363144475687117,0.2606911281006007,0.666979613842414,0.586890037350404,0.6747041309402472,0.021277961132420142
0.18454285568594908,0.11431606168680064,0.3525591421641783,0.8026896382417238,0.4947106597519416,0.7661955928668942,0.08842297590691776
0.19257521935240385,0.11779210953367411,0.17306817259088958,0.8752814863248145,0.5290943130711969,0.7609322689490274,0.09309558113989563
0.12857875970460236,0.08773754002115614,0.1464877993774349,0.6510179088393635,0.30177302384335614,0.7352559715812771,0.05276296641640312
0.16007628009769193,0.10300110684929364,0.2943483787266443,0.7307045422887312,0.22254155369436743,0.8085814596793355,0.10353703103717202
0.17110259209241452,0.10808884712833772,0.1806000369595171,0.7989374867593094,0.19083134766631432,0.8292698567879416,0.12247928011010357
0.22083682262039855,0.1322794693091835,0.4931975410734154,0.9052106231891422,0.0916567079490461,0.9404285469568666,0.1981514072436763
0.08868503642581699,0.06920984497150022,0.37220206916265675,0.4508053736368173,0.28882734718505054,0.690715851608131,0.005747785087282076
0.06354112978491226,0.05781354317665893,0.48341338299095676,0.33488036422003137,0.036994766906331966,0.73249697787774,0.01617590296368822
0.06405901647244772,0.05813526555081212,0.585436308178718,0.3112385687324472,0.09936109806804785,0.7188434837088372,0.006258132056921606
0.11545660588724381,0.08254771386473254,0.9311813424512105,0.41043829551914235,0.45669783162927297,0.7005699359540901,0.00897616983757608
0.12660322115926756,0.08801198257135544,0.9614277323231493,0.44481223327553016,0.35671272310230556,0.7466647761619533,0.038812895101246865
0.08568045637653768,0.06857739721827166,0.8514813748050323,0.32346484320993907,0.2626746235682693,0.7118432696956581,0.004894617474095213
0.10125830724218059,0.07565163309014815,0.7244423506994649,0.41030248427772353,0.34094353383287074,0.7064585396439322,0.011367144944265146
0.1021892792338502,0.07590451022102876,0.6155956478057879,0.4400583156275973,0.3531907484984951,0.700175590350807,0.010828234886834464
0.08670711110184476,0.06857149304348774,0.5693066907310275,0.3955131393871893,0.29768402288399143,0.692635008391969,0.001279243877110102
0.17507922939612658,0.11076958206465858,0.5540713110070891,0.7242133268933321,0.037435595181406364,0.8934703784858748,0.15130036933787025
0.17810353553649344,0.11215770446748594,0.5184834851454254,0.7439932655801658,0.02905377028279259,0.8988900473047252,0.1564577782830568
0.21516628765789556,0.12899463900646624,0.2926211581325816,0.9310625721663748,0.29977489534545476,0.8642878004204414,0.1577598857571575
0.21686889000965004,0.12977649922509804,0.3459044707739611,0.9234052307839391,0.3800911826036044,0.8452794290216701,0.14648856322607529
0.23436165006020804,0.13802986044046905,0.33919952127964864,0.988600215984762,0.3977307836232226,0.8647456200896148,0.16485424088368725
0.17257126762007596,0.10965690064090781,0.7103016485709751,0.6756394888006176,0.1634710465573675,0.8589751658421272,0.1270978579863513
0.17345884367302297,0.11008193934185573,0.7163557915386147,0.677359514782681,0.1671820577369568,0.8593794668528332,0.1275479504430694
0.2078510582489797,0.1265960850647575,0.9297505899763623,0.7498061234881004,0.2534364236503261,0.8910267951353557,0.15449155568052075
0.2341023504915821,0.1392677895230889,0.9971247963486959,0.8301342518880085,0.15898079930196826,0.9583491870236449,0.20164405348275247
0.2531780258994841,0.14831714376090502,0.9705590549375053,0.9065673236310795,0.11953549705485379,0.9959621340518273,0.2313556763173529
0.25368563684799816,0.14855468044995232,0.9662164742994662,0.90950649674955,0.11666865818546826,0.9973577057658843,0.23245567831772881
0.1844958422277881,0.11510612174834611,0.6124401534832493,0.7425485797076079,0.1975617776258283,0.8623550459722378,0.13628944875771937
0.19044431725933714,0.1178759406887836,0.6143279203169264,0.7633487368153886,0.23554627064936592,0.859808591875083,0.13727588540327984
0.19400678188386475,0.11971050568974645,0.6265252721191755,0.7744082385613787,0.14145071724612918,0.8927417336583454,0.15699514729009717
0.2003240408875092,0.12264511725442308,0.6285632501479346,0.7964326911194153,0.186940768815684,0.8885377642530969,0.1571979019820081
0.1575133215424028,0.1011270955179433,0.18359262191031867,0.7443526576078738,0.5805805036809698,0.6965013607441009,0.0420505277451087
0.16307498101549778,0.10370226084614634,0.22500670232437173,0.7535166018618711,0.6729645671548568,0.6790195118599809,0.033522275770642124
0.18362540877298994,0.11323566286976083,0.16343611917384154,0.8425404319553358,0.7512282364494107,0.6831298285470945,0.04582866164200177
0.16366584271221826,0.10464923263589258,0.1171313749504969,0.7887892170514854,0.05511098097401823,0.855897446765816,0.1359071541188199
0.12789786410028706,0.08743835505253435,0.11198913606646177,0.6575721042973723,0.2443460846729288,0.7497429142775838,0.061462185793378435
0.11922003735933656,0.08349690330104269,0.19081614644956646,0.6071268454735553,0.21061347736853842,0.7501659274860455,0.05621305396063159
0.14841743323048173,0.09742689267460544,0.3504025151955261,0.6734267099992505,0.32497814321584295,0.764245216260142,0.07240724771520157
0.17754708962080795,0.11134568425165496,0.4883258490069357,0.7452044319114856,0.39871083525183226,0.7892647523277441,0.09525060165257096
0.13325305009881652,0.09094504327667383,0.6236550805736634,0.5538601886218995,0.12421316801912735,0.8113349966429618,0.0860707519709586
0.1583961457296929,0.10285448141647346,0.5677613171218149,0.6598072823299841,0.0613985768716516,0.8632909215658552,0.12707289345936892
0.182133844867339,0.11276468612151967,0.2521008069507943,0.8163043364687439,0.680435900576933,0.7049274726292183,0.05535159474970925
0.2636508727918377,0.15229883585342893,0.7431980294181428,0.9949970147936231,0.5784257336008644,0.8686919716093782,0.1695192730291622
0.2641468762847898,0.15254198704779315,0.7496174822976926,0.995225935785823,0.5798794853752572,0.8692112010202411,0.16986302475300033
0.2667057742149382,0.1535271626059297,0.7784159556766002,0.9953088588132616,0.7810801344475227,0.8152863312348984,0.1398820197782581
0.24834277468709884,0.14468383826705838,0.7575314551192258,0.9325596598696693,0.8624591354058934,0.764706881800599,0.10430627079194563
0.25204768873483197,0.1466251815519926,0.8130824038139433,0.9333459461878393,0.7898159167309298,0.793199248302904,0.12054499845097147
0.2579478640399867,0.14939403497273193,0.7648961936730684,0.9669866881507824,0.7533528390760851,0.8104206322671527,0.13383871999751476
0.14433892106584625,0.096352006774075,0.9332053016316473,0.5161760248319287,0.37030279328292076,0.7668581137462588,0.058204764181664655
0.16271689092404978,0.10499524960711795,0.9784010213376525,0.5710502815585736,0.47012543985421484,0.7655592800886867,0.06400488621892325
0.12619136009042015,0.08739178344907624,0.8568356577502008,0.46664272851422944,0.54873271493133,0.6862467759673887,0.0071467488491027825
0.12017406247753384,0.08406452432946261,0.5333512387631011,0.5237380063446745,0.523880751068677,0.6729411401222354,0.0049257789826163915
0.10963043841947229,0.07931099953580342,0.5631530188877563,0.47964951945888107,0.38001838070109345,0.7009860642458253,0.01562612065670648
0.1377641959256583,0.09290986672120385,0.5093609061551495,0.5981904095724433,0.1185270247412188,0.8151626615423723,0.09283663760939423
0.15916967046972438,0.1027075435908159,0.5526140461604171,0.6623042638547288,0.42271937368466694,0.7585412013120898,0.06880080263671708
0.22513675126462937,0.13503720849551898,0.965069065097053,0.8058147703015702,0.10898468446867975,0.9589899352856641,0.1990586008590605
0.234417881750368,0.139210125470962,0.8534857895122496,0.8664110835861533,0.1447302199940921,0.9576226999225953,0.2048122090648257
0.25662030206612924,0.14959064747866238,0.8489730631587523,0.9473564284766633,0.2418377789750762,0.9607054658561638,0.21585584396961824
0.26603403442056595,0.15402864258406848,0.8570518767489725,0.9794158897837304,0.26755290120129593,0.9668875435593903,0.2230423427375206
0.20824775751404462,0.12669414294022716,0.6816733493946762,0.8141134055966844,0.031101599991205313,0.9471768466509423,0.19221079912030867
0.1867909208946724,0.1167208965435298,0.8759755005535901,0.6876732611246678,0.11497137681201491,0.8994566136602072,0.151799348924858
0.18724962904373346,0.11689868233212047,0.8442374847698233,0.6971577058033367,0.10722498207335782,0.9011885213650616,0.15372567699250853
0.16761061200660118,0.10750812880503899,0.8270834956142661,0.6292708643404039,0.1506305871746738,0.8599996257218414,0.12281692778633603
0.11224592636417838,0.0808270097270106,0.6244220806058325,0.47574305297888514,0.24699520956465984,0.7457369786661265,0.04042697808061549
0.11732518995013295,0.08375382784561182,0.851064247386931,0.4404158170586245,0.126687886903797,0.7964167155184164,0.06561793463392081
0.09769421803231766,0.07437027031575416,0.9211280356360135,0.3502250119107943,0.269236923970876,0.7295841485278628,0.018186956426258727
0.18713130797149372,0.11587836094723047,0.1741610640211427,0.8606103962781588,0.03917206601521295,0.8959985122029474,0.16683252880557212
0.2667063288996594,0.15455200741680986,0.9116066208602003,0.9695584156939328,0.1798483517993225,0.9954227947239763,0.2380724440471616
0.25448047783385497,0.1485937594115718,0.988270285479578,0.9039851969069285,0.39143855634203695,0.9192384906804977,0.1882882525896358
0.1934038920335226,0.11889071310294802,0.6095860923592094,0.7721779861275146,0.5159854058280873,0.7821193868537674,0.0948904097894324
0.18925170315833517,0.11686685941595995,0.6108907669823712,0.7562457693201577,0.5592812193213411,0.7636518745578773,0.0827444838029684
0.1853376681971316,0.11497921029095551,0.5977692661520617,0.7450713521506818,0.5685402807699549,0.7549058357227753,0.07651488312302598
0.14269958897577942,0.09483704233033323,0.5033589427428313,0.6143500303406292,0.41500157682925315,0.7355614654704805,0.050224019105307764
0.11329826571136173,0.08172502630125814,0.6851241992624314,0.4672887815249546,0.022820074649669564,0.8148070435960799,0.07828118948228122
0.1224516295671421,0.08585376446833373,0.5984992896391576,0.5211549855121653,0.07553769652044302,0.8092383596673113,0.08101834218143629
0.18572487738622273,0.11546928251332933,0.9128843846103513,0.6682105498218263,0.7089255468258284,0.7262356308623215,0.0529784764541905
0.1554910052649561,0.10099219664249211,0.850347347818557,0.5727941324845454,0.7488486463768456,0.6693244054172167,0.0099193035373797
0.16399113599895956,0.10507315713117214,0.9000342489634041,0.5914779413510177,0.7670230373594836,0.6779488863665026,0.017103582416459265
0.17272639049938826,0.10892927399582936,0.6909244645132055,0.6746102643741132,0.7322139767421455,0.6927481595248735,0.03406987618341092
0.17314112086683262,0.10910430779695705,0.6792861522125522,0.6789297374868222,0.7345097367926151,0.6922368172714868,0.0342331704996787
0.177629549961939,0.11130323869316343,0.700948840316949,0.6903287132483154,0.7063002404956082,0.7076378348562029,0.04424147047152646
0.25414822840737994,0.147821520441391,0.6867429540203853,0.9750383204151303,0.4943457298640181,0.8775965805679461,0.17194781535279813
0.10326143167175998,0.07644827314168513,0.360141780194011,0.5097481287782889,0.029506672258633976,0.7865444327096343,0.06601233413070563
0.11538574467065384,0.081623837948025,0.12732542665158036,0.6089658442228474,0.17838006780603471,0.7517557624126538,0.05704230887890924
0.08332535243298647,0.06654404907450326,0.2654168463169425,0.4576100817968328,0.2578939295023559,0.6881537613020312,0.004646879016613731
0.1394311618663311,0.09377099278373167,0.7097916949426604,0.5534676687897316,0.2991098253490604,0.7723439980248511,0.0646189848022562
0.15935918789376904,0.10318304254767854,0.6539822491609963,0.6401674577104055,0.25599626025438005,0.8111523318068867,0.09605824005639765
0.12017876852283202,0.08408868384704668,0.1292892978915785,0.6275211366393963,0.03749532801327843,0.7996919518975278,0.08596115393639035
0.11914618933907599,0.08353406140381531,0.19905774442558022,0.605335813756516,0.1669543520398565,0.7630887108416734,0.06325801539215967
0.09155187891646976,0.07019737259497288,0.10576833652312373,0.5265213448227082,0.2524215090328554,0.6955160991052873,0.016029940041973084
0.10417460036428548,0.07649143779768235,0.11401360507174138,0.5729841769811447,0.03056083796181154,0.7784062140750104,0.06771560702734385
0.0807520000434221,0.06540741025645182,0.20935118074727238,0.4632801804824275,0.13170031557782366,0.7191901311698377,0.022393825585771153
0.17432147347908483,0.10900286457448594,0.044569188981625596,0.8405377970869279,0.4835345720764447,0.7435060826016875,0.0788066470879087
0.1910611379996682,0.11673900967440513,0.033914924246386445,0.9026863605298171,0.614973588120208,0.7285951875051246,0.07760663154646377
0.21535774912782635,0.12821405844855377,0.08255118480824813,0.9784774965318246,0.6984036747030777,0.7406102915838707,0.09327024115429552
0.1571910690147572,0.10136024103527472,0.0870882667251737,0.7710785907030947,0.18351097227639435,0.8081682807137541,0.10708163734653293
0.21640948562326712,0.13013088373276638,0.49310751416287824,0.8886791957934275,0.12917447700029067,0.9232020494417557,0.1866234049383014
0.26253604475416065,0.15265958368355254,0.9845050680603761,0.9363530882007948,0.20312294835509204,0.9854189589528697,0.22896488167586307
0.2604243640138502,0.15165543015285976,0.9845963480386133,0.9286028879474336,0.20593638590517635,0.9816020972422483,0.22593941219780217
0.22251280563502773,0.1336360448311265,0.8745188991632186,0.8181705508616672,0.12021048367401325,0.9486321335320921,0.19431417092589692
0.21929119390255297,0.13214141883200817,0.9465098098867969,0.7882324021237825,0.18056584056184602,0.9291374381941493,0.18027977691885694
0.1896743460919068,0.11796959839730668,0.9195472623270954,0.6860508725161119,0.25234463576185723,0.8651397459282295,0.1326342987307416
0.17218121396522948,0.10947980277227848,0.8894826921781314,0.6283456034534083,0.36629437683492494,0.8059648455101951,0.09280150415286581
0.23259881241909913,0.13820136464798183,0.8181070811211741,0.8676472441635273,0.21199235650645487,0.9341260540295575,0.19168268569568225
0.22921424495111323,0.13669243772362938,0.8610857686962341,0.8450680681361151,0.19215760161834394,0.9366907818271325,0.19069250383988567
0.2521869424172039,0.14748086337757008,0.9874769454600292,0.8956139702506944,0.40989006708186076,0.9105735741197031,0.18248003030194526
0.2620539964520128,0.15202440867822078,0.945737870873325,0.9412024482134501,0.4582516079703125,0.9089530415185127,0.18665811917957426
0.267101296012331,0.15428680372010506,0.9406512231896174,0.9598468731348947,0.5475054284922369,0.8899278459052676,0.17816376649452068
0.1531701865967703,0.09901731363374096,0.18357614570604086,0.728100348952629,0.6189884390772907,0.6791378415114393,0.030478532993754304
0.18469763462879268,0.11432833186586602,0.4691571997290005,0.7728622347400289,0.675462286041927,0.7180698779264205,0.05860311945833918
0.10628178098784019,0.07753500338798083,0.277918118005906,0.5390158971139903,0.18792338229277217,0.7416245949623774,0.043954552797511835
0.15688905759610838,0.10124760993791143,0.23147855257369315,0.7332110334138597,0.3290549970802526,0.7706836115392802,0.08239475942970349
0.17535626062066761,0.11010396745388845,0.19164227214204937,0.8116089251476457,0.20383596467611445,0.8319338335905846,0.12547635293349835
0.13751714059810377,0.09180642922936982,0.006595811637757021,0.718100307142528,0.2615001761565202,0.7545031675669819,0.07065612269246227
0.2698913248154676,0.15537478033916952,0.8339488025459656,0.9954546584195605,0.5959754532745489,0.8758107656334905,0.17393450360420493
0.24120321945767484,0.1421721728823753,0.8878293931807986,0.8802678208382836,0.3712473506269736,0.9025316252213537,0.17579315175564159
0.19120051780879707,0.11841392022283115,0.9149586430932112,0.6905065063048137,0.4527502855103529,0.8087408854678952,0.10163396691037169
0.18884574971190143,0.11685428213614442,0.6457878498412026,0.7472922727230716,0.4672146025077264,0.791197084323838,0.09724219615785273
0.1771533269424224,0.11117538949694006,0.5650643823202528,0.7242295700801304,0.47600544563443664,0.7690281374878,0.08185653768695172
0.12618938153744746,0.08646478650716163,0.13294840510076755,0.644627481839904,0.38986430596536376,0.7056894735360131,0.03545685092978702
0.14362894797897868,0.0950743708361358,0.12981184028063597,0.7118381452248396,0.13013388920701596,0.8060366162520217,0.09923691561588109
0.1183146041001911,0.08314350917768311,0.2549276963934349,0.5880100403396575,0.2294290481722211,0.7457744676091398,0.05182801150910729
0.14132749494935226,0.0944351607402482,0.3119805949199186,0.6604442522776477,0.009108259290050214,0.8447891635737428,0.11572351708078672
0.11547280197263043,0.08268043284236351,0.7510943014272553,0.4576891802677774,0.15484030421541375,0.7818735029293606,0.0590635655877252
0.20464101913754248,0.12413390684531096,0.5382703097125788,0.8307564076265185,0.49263651797126234,0.802244641985435,0.11258499206060285
0.18764870906748357,0.11625734290509272,0.5287810122316619,0.7726813308580386,0.3530489491889592,0.8184239110504976,0.11487749083601995
0.17848237122699867,0.1119456614409966,0.5205533146359131,0.7416363059040323,0.3204429505090767,0.814595792869909,0.10912195394171931
0.1679648415594488,0.10735954773458156,0.6366703011047357,0.6767849838537728,0.1625862547450701,0.8499569728598523,0.12187996305897815
0.2011914198272411,0.12307648688383463,0.5751639678754252,0.8134509742228859,0.10973142105397939,0.910288100431742,0.1710802162928765
0.23890767642649685,0.14069539425173905,0.4999904003695963,0.9681404113263746,0.20717331944876113,0.9326958947884347,0.2011245235769225
0.23201752347595336,0.13755288099494445,0.5346847322154058,0.9351314320188941,0.15753949075819126,0.9386556787835785,0.2007912843846609
0.22557236006734863,0.13392467289207055,0.7598816888461095,0.8492012099779568,0.8436809860453658,0.7379120812012145,0.07973336169915826
0.25625636104660277,0.14888703095662925,0.8091289576769863,0.9518933630444978,0.5875297558577492,0.8579777410437102,0.15884298682897258
0.1780864486082797,0.11183696872921661,0.6125833992881665,0.7172463722837388,0.3693095184072685,0.8032070347328074,0.10033992822547645
0.16958608550433799,0.10794572665904668,0.6268835777221256,0.6837127637902111,0.28548711884472544,0.8160849008235807,0.10372244609098413
0.14497091015277816,0.09641081575985966,0.6383161169403127,0.592107093206901,0.2047415968406944,0.8050627540525627,0.08704447841052443
0.15689419994469622,0.10217379863970438,0.6801306724122245,0.6257788894484105,0.16934025207283557,0.8338708207033558,0.10719601613998452
0.2085548210838581,0.12611782816592493,0.22092008306265362,0.9274400419799075,0.027675546011180052,0.9315228118990936,0.19458224472299618
0.18806843404124832,0.11645374500265057,0.32436523240366216,0.8265955790089012,0.1169881875484795,0.8802256862933397,0.1547396650548162
0.16986238122122396,0.10787373089989116,0.38433065506477615,0.7452392850896075,0.1529898192434468,0.846090574066102,0.1265444710708926
0.2559926714130782,0.14835347329110093,0.6141785771629429,0.9975630683641448,0.6622675327672937,0.8285944455657914,0.14687337608622564
0.23519179282684768,0.13786726523444578,0.3876011531330555,0.9746640200887043,0.8643575457635653,0.7317476699698315,0.08918201192777503
0.22604444450056238,0.13383913965958685,0.49216567865564664,0.9170214959054879,0.7603593839713964,0.7529331391469082,0.09480649183931128
0.23087314926627045,0.13620964790201257,0.474364255362919,0.9398627007050685,0.6785801922109601,0.7829639100544004,0.11413667921193174
0.19165073826798926,0.11745349469683489,0.2976628284576894,0.8407846364877589,0.6007237914444674,0.7433672756332286,0.07983706040424327
0.15679875966406023,0.1014654946528942,0.5058016697905634,0.6646909330041776,0.4558869632961139,0.7437713761677945,0.06062862766912099
0.21060118628403712,0.12780486274016056,0.8968605592599045,0.7674901110540272,0.28468675827439055,0.8846083434759803,0.1528077996954506
0.2049785088896325,0.125161991956354,0.9232318063617333,0.7404083586662888,0.29981777250100655,0.8731882158924494,0.14341757711699338
0.26124628023981616,0.1515013529454636,0.9371575212125215,0.9393083103952021,0.5518716517865097,0.880206752357557,0.17035007214765252
0.2581188354166713,0.1501219277546023,0.9348185907259291,0.9293469599978915,0.47363278141341075,0.8984747106810078,0.17939194490748667
0.26277623257501037,0.15226236820439,0.9157691720047589,0.950663995753669,0.500304785008305,0.8966136725647537,0.18073149278300168
0.24435921889076234,0.1435583009128927,0.6479715504093282,0.9523675143342106,0.17268439027798094,0.9559801340735529,0.2129380920906328
0.24266386681934055,0.14278998408493643,0.675307758553167,0.9394662569623441,0.17872281732707346,0.9528255511382873,0.2098042106072362
0.17671514452937848,0.11157315065223612,0.5452204350323183,0.7326784255155973,0.006104963726974492,0.904596120594499,0.15845249725048158
0.15693497326104752,0.10192655547060699,0.42102298728811116,0.6901695310595646,0.06456471565555807,0.8548498767584279,0.12523720797237312
0.17911732064118357,0.11183195424994712,0.12091177917466933,0.8430081265181604,0.1613492853204324,0.8470349223445659,0.1372312002944158
0.1514745767842393,0.0984194492464765,0.005214564484896322,0.7693285820616484,0.25976250046210664,0.7747900057615731,0.08789097658115122
0.1503102764288169,0.09786461590420796,0.005103831221585766,0.7650870303781012,0.2619982067286839,0.7724801049358831,0.08611109129179327
0.12175240092465359,0.08419550414849475,0.021698161422089936,0.655606985687627,0.38373854084517506,0.6970440031514737,0.031421529920479904
0.2072336360692998,0.12545236351157055,0.40911732878622087,0.8740542030219844,0.2758351794261862,0.8643131078257837,0.15169191562936912
0.19343919699467685,0.11891126565549646,0.352688432958978,0.8381969389442876,0.21421477610000622,0.8605759896953633,0.14522626997466617
0.18830160394641232,0.11594287541728798,0.26816481261973324,0.8367635448495149,0.5101890192414996,0.763895913003966,0.09071106244920012
0.22977841013829006,0.13587100657069623,0.370809599322363,0.9638947623388391,0.4251981673453656,0.8514019455325108,0.15468642358344717
0.11831028268890158,0.0824953588288592,0.11619503646753593,0.6182677400076615,0.5448639374027425,0.6487068422244189,5.22442021809344E-4
0.09899809491719218,0.07458322936661027,0.4838061761542026,0.46377455724391614,0.05910830388784269,0.7764475509502111,0.05559582976822061
0.08546290620199376,0.06810564257809446,0.5457726737800733,0.3980241860264514,0.1790440251186846,0.7245653922291279,0.019299618790550983
0.09883402385049396,0.07428233651795452,0.6103743858620606,0.4289012459243978,0.37110196921846783,0.6899953191768194,0.003833408645622184
0.14170795096204844,0.09484787850723553,0.5214055223780573,0.6100464180480021,0.08123602653013114,0.832079349891075,0.1037030595349134
0.2000700332983387,0.12270373582594334,0.7657553966548103,0.7618018879377029,0.2144990901721389,0.885234756790611,0.15194200712299824
0.19284436918348385,0.11945400979489676,0.83815485785725,0.7183277197885752,0.1705479807353642,0.8904603360005979,0.15015185809560852
0.18652340099048578,0.11650631101044935,0.8517891668574449,0.6921791545907243,0.15165781922436908,0.8874892271957862,0.14553321221996268
0.19934918298863202,0.12256065537236775,0.8840830744539865,0.7304652617772224,0.20572390845159114,0.8911561650145826,0.15213702811396884
0.2382415637729981,0.14094231404350546,0.7656311431906574,0.9022199112871337,0.10111365681841195,0.9725068988787683,0.21688178949601758
0.23874406722483807,0.14118318715131595,0.772960108283586,0.9021954725677708,0.10758018571530648,0.9716083990818796,0.2164084756537724
0.10057338133062052,0.07439706790088696,0.10640697661974174,0.5586288013052052,0.30820316893468347,0.6921036900877067,0.0178323721713593
0.16353271388081675,0.10404215323092608,0.11333986453171482,0.7848198918440781,0.45221781780406767,0.7398527905761385,0.07062980266097556
0.16870981105643754,0.10616113921649226,0.07610472970715652,0.8105006407342237,0.655297577819181,0.6866513908398189,0.043725249440912994
0.17118197061053952,0.10732989356669982,0.05905317099960275,0.8238620144780581,0.6373158551430682,0.694771374180577,0.04972893476737543
0.15410821741563102,0.10039217556279972,0.7094783542479669,0.6043191578758903,0.5442353469280519,0.7217582724122051,0.04223736810258578
0.23539732578570277,0.13895490146521794,0.9616184586661194,0.8363680945651781,0.8014418241636785,0.7716624861927015,0.0979601050680193
0.25446367268071984,0.14794636505941908,0.8703133501352129,0.9289259186958971,0.726126320791489,0.8173134807113641,0.13374517280441756
0.24710159561383221,0.1445196731241363,0.9237948795187102,0.8888842258666969,0.7430731829900131,0.8038982426457639,0.1218608200461394
0.23528013504345768,0.13893332106393713,0.968214749740596,0.8345279464881441,0.7840651791478139,0.7768040844454553,0.10064711445664698
0.20249693006328007,0.12291929907436612,0.6772286303266686,0.7856896628127814,0.8010460599738156,0.7144829860814855,0.0589678331371503
0.13201281381513585,0.09021450544117272,0.6018468642403592,0.5537597410290198,0.20432965362218503,0.7854184168776511,0.07149348780468
0.14386200351286324,0.09600976713318811,0.6120497473506236,0.5958174829198551,0.08240582457685136,0.8381609698430814,0.1058437634085457
0.1693793160567627,0.10785382586354622,0.6679816499899448,0.6724727845003396,0.32883665234132664,0.804683546122244,0.09623371052265367
0.13397241636795765,0.09060192022164062,0.6021280292659189,0.5563984848673604,0.6039714973088249,0.6717596238415218,0.008328443167981231
0.13031591610002807,0.08884997196712015,0.5832760115394068,0.547743925224403,0.5964618559020312,0.6680532852479657,0.005179534323267552
0.1605578128440125,0.10313178720031271,0.6449849234705151,0.6417712331255409,0.702506547936018,0.6824109401812827,0.024311570718369716
0.23263050497473906,0.13685732896058544,0.5447108096769788,0.9267189597200469,0.8969344107238586,0.7244426485808667,0.0802397003483927
0.17787929951950932,0.11089780920389126,0.366057719083696,0.7728023089803608,0.7031684038053012,0.6964846743451486,0.04610260653691415
0.19175927540835025,0.11757560824570676,0.4046877018032663,0.8143221120453987,0.6730917080607496,0.7264032533051107,0.06776639463571296
0.14293947787432504,0.09415008600061825,0.2623108133368534,0.6704620629745275,0.725414186008323,0.6365095662533062,3.5766924261712574E-4
0.18674140243587556,0.11475450618792701,0.2903217833075097,0.8217173811250484,0.8674937589041478,0.6583840868823376,0.030147951171894057
0.0893995884093108,0.06980749019466684,0.41741236619309857,0.4439419411439071,0.15020109836435944,0.733802892813683,0.02920974736408895
0.12991226222768826,0.0887524024591134,0.17363033187547575,0.6520578012735332,0.05062420642325853,0.8113408483950213,0.09548700391515214
0.0770376905387225,0.06378213214244206,0.373914999419569,0.40865590845561517,0.22392019174013872,0.6931436141237771,0.002246642206815824
0.20726063452257457,0.12576465378999074,0.36974057756413475,0.8867006086201609,0.008959174313108376,0.9406573286328582,0.19561650588308668
0.24293791978858442,0.14291915781773343,0.5873970553874233,0.9629966704946991,0.07691640600870503,0.9796203262774812,0.22710783448994637
0.23605695587263625,0.13954674269930978,0.8983176763279391,0.8572882607593943,0.5216212804973647,0.8517902590336907,0.14485033780061235
0.22295610935045793,0.1332329840626434,0.8630205142990115,0.8177120756408084,0.5593408879282677,0.8208752270074399,0.12286861241561796
0.20600762787226967,0.12481047032671203,0.745602692462549,0.7828234583361959,0.7124399271029289,0.7478264974623418,0.07754877846624723
0.24088519708720157,0.14140498219613157,0.6871787095251234,0.9254979444009541,0.5927918747979509,0.8300809881367244,0.1396982969160149
0.1672600351275933,0.10723117905592286,0.8919348306308459,0.6104595998190988,0.30791391945296787,0.8160751941698047,0.09639380479850176
0.18277173865847451,0.11457966210070908,0.973626215364539,0.6460486327475137,0.40353105151977553,0.8132828018328281,0.09928994906845443
0.07175546118649026,0.06202120127567417,0.6811730968455714,0.31670913374114334,0.0340240212416129,0.7523687628768984,0.026019375376223446
0.0977039275167812,0.07367384756153021,0.5352418121301388,0.4434449012883642,0.33759914667291663,0.6953655893846973,0.008190289193039171
0.09967890670813179,0.07456112272941616,0.49841087672763273,0.45968866076638004,0.3304945473169981,0.6988760178959363,0.01186812748581973
0.16283147481494042,0.10436536320725304,0.5543217601892673,0.6745816951045912,0.48160774743750845,0.7466477225648361,0.06358323781625407
0.16149359966225843,0.10375525061369961,0.5368828309928968,0.6743706113913225,0.4437817019115299,0.7551223038112183,0.06821698278286507
0.24585181147892277,0.1447427793545434,0.93328982409279,0.8885726342394674,0.15241232929381338,0.9745901280281456,0.21718525309711734
0.23714697104819943,0.1407649591601517,0.9986989609698491,0.8412756886503877,0.12046192752130182,0.9739577834395866,0.21165287402548572
0.2715570490827105,0.1568013129001838,0.9831572572322375,0.9684950977467999,0.29920243610891006,0.9701895893117565,0.22416385431437663
0.2719398303414229,0.15698343491009206,0.9845095510615037,0.9695498696980434,0.30021110786468036,0.9704897049994592,0.22445894041508374
0.2741499965901349,0.15800004556275923,0.977222283662145,0.9792236421046754,0.3142690940962139,0.9692633677202164,0.22485941957136363
0.26859706128737243,0.15537207624403604,0.9899110204110696,0.9557551709836811,0.3268678164469942,0.9581727670335641,0.21601184457405445
0.1951345634296369,0.12076934314925133,0.8601681154259788,0.7229179628412523,0.026206414672689582,0.9365912311474344,0.17653646488549135
0.1456995743686959,0.09707385369523033,0.7539356732947596,0.5677256826026718,0.10471920213384181,0.8395322605276774,0.1039727903726578
0.14444876656692204,0.09649596877605077,0.7844207562314998,0.5554721096078004,0.12932162239425782,0.8317166533668237,0.09832421635828928
0.14420356290539718,0.09634565114255529,0.7828731230288254,0.5546954562471783,0.15272127925660017,0.8244923122986721,0.09419368048195534
0.1135883865453719,0.08181035359074733,0.8960809207512882,0.41383783272508207,0.3067811620555729,0.7402985548381806,0.03140453683990033
0.11430439331634272,0.08225831897829372,0.7953287742696454,0.44316729050403864,0.1092855005061489,0.7951283708844012,0.06497829923867943
0.10266251142015911,0.07668046495788072,0.7931160799143326,0.4007930709151468,0.15253706664957142,0.7659014100004349,0.04375744993774984
0.16520841522044882,0.10511828856772742,0.2583245398518532,0.7560705950662786,0.41263969136123163,0.7591438773870641,0.07870316496857849
0.1488220543056292,0.09743189986843723,0.22699090008926498,0.7050103224683653,0.3191634371634679,0.7619373489889659,0.07423696553974236
0.13145430612676917,0.08926987458716656,0.22119520593735056,0.643738680515165,0.26327953141309113,0.7533293453597127,0.06233430451344184
0.1051550550749819,0.07699742716045217,0.18054646233252597,0.5598408898738697,0.07738070524788221,0.7686238536018849,0.0610198014022774
0.11439968246603693,0.08127551562203131,0.09746630906869606,0.6140001760361424,0.05590500069377312,0.7849358643168983,0.07602478608363882
0.1960825777222195,0.12083591029610585,0.7586264426584497,0.7492709189102489,0.19042555749484424,0.8863195968583497,0.15107129620603912
0.12116890285324183,0.08550621389983308,0.9651336492403533,0.4246195981019235,0.31014390778781176,0.7526506692964221,0.03984112006138643
0.10738905169142325,0.0789133451954873,0.9013369391036037,0.39022365267097947,0.2832620121596328,0.7385383959808022,0.027718868019013465
0.1022932556766569,0.07638713278766941,0.8594301294702678,0.38147703774060887,0.317082214484828,0.7198886326948984,0.016116113275587998
0.16709234908903237,0.10710686408073572,0.6990397320031245,0.6589319636015886,0.1165613245537955,0.8644418911309717,0.1281745185157247
0.14525346880093437,0.09644637049645483,0.6452700315578862,0.590548905965659,0.28540005528140894,0.7822186869373176,0.07413744726876825
0.23003995563795115,0.13699038118551218,0.7103098089680767,0.8859669894481277,0.08554090769396155,0.9633395021747669,0.20965083055776781
0.21908546700746995,0.13193515445989762,0.7580685398667409,0.8349006813231952,0.04157869018745605,0.962356250671576,0.20341221776732493
0.2652375038904009,0.15345773183390773,0.8606166345750852,0.9740135672847735,0.41453835114082227,0.9230571891666203,0.19795780591879872
0.13960446903494553,0.09395374965429312,0.5185202486325035,0.6039586014646839,0.0022457696684327014,0.852000914501223,0.11411304846178308
0.20859572044086616,0.1260762998922311,0.7251634901731793,0.7978210987560759,0.6594076769885051,0.7661991060792648,0.08945224535040047
0.19890994499820783,0.12163415494242011,0.8379491952147289,0.7348067306514995,0.6822719445602581,0.7499573964039821,0.07359130667205678
0.20492204559557903,0.12418724790369272,0.6739710907388101,0.7963384014969339,0.7094518132478562,0.7444980342711125,0.07694421835180504
0.1987923410617662,0.12137668159946349,0.4424618508242633,0.8341135970317787,0.37096130879505274,0.8258365544196808,0.12573829159266686
0.22597612100731942,0.13440098488265478,0.4525610155647151,0.9317930047984289,0.2756933536548515,0.8925963522831181,0.17433473717289527
0.1328388273907525,0.0902289797704644,0.21916645730649792,0.6517882298056054,0.03717879078981235,0.8211059130812677,0.10110323499281954
0.15322062276624152,0.09945706715069214,0.06721136697074881,0.7615221539943997,0.17664082615766616,0.8037915083714494,0.10344988575274783
0.1525274542059515,0.09915301261726439,0.07976808149795445,0.7559761227353584,0.17327373421867318,0.8042534686224024,0.10312138296276374
0.1820321143907733,0.11305344210716282,0.1607499649305988,0.8421125645617187,0.3254332898260358,0.8048407794654527,0.11373517824196538
0.149260640221343,0.09746266103520676,0.16514993425862035,0.7210124670087186,0.377866112953046,0.7431612760457259,0.06533474647772647
0.16013311675756275,0.10287114031087416,0.2991860758412289,0.7283863292370537,0.34397210773323095,0.7734574058003343,0.08367572103386899
0.1928725417497718,0.11861535026759433,0.41545638156774334,0.8198154327738076,0.3075109503982265,0.8349127953407876,0.1290415252301905
0.14996404804644461,0.0977831156705658,0.039065698658588555,0.755794622096131,0.24059932629729586,0.7794832781355902,0.08909436262204837
0.14551256802746648,0.09552308794874076,0.005273083601193412,0.7469961218999392,0.31270858718035843,0.7508927150679678,0.07196896143953556
0.11515601007692457,0.08108938484184747,0.06721355792510843,0.6200526562137085,0.42256165576182897,0.6780466274620842,0.0169038114556243
0.11262341675835166,0.0798488013743414,0.09491830946706867,0.6033860973483557,0.4848227099373751,0.6573331190424153,0.0035314987336206166
0.17978899655151087,0.11235748699192846,0.4079182921609821,0.7735766313400437,0.34232817892517303,0.8058976279774163,0.10747024982546555
0.19297609995174647,0.11864739393943657,0.4641576097226364,0.8075682942684828,0.37674637837322955,0.8166913505859074,0.11766042755190566
0.1692326344729856,0.10763465765477367,0.47693377756794475,0.7196896614205266,0.21698799187466777,0.8299815638772952,0.11499511507963078
0.15333706456454785,0.09998351885042031,0.45930563987369344,0.6652886937668774,0.2850691189053058,0.7869037190904584,0.08458580822560716
0.1896458668344774,0.11691989943352003,0.20594577758732677,0.8603999103499129,0.1867423827563045,0.8577489987132503,0.14558402810484977
0.1767449021327092,0.11097753979387114,0.25554139801438563,0.8020554417124384,0.11902516150715925,0.8609902683419398,0.1408724353227131
0.19220569029432405,0.11770536396765666,0.30445570959592055,0.8409753208411592,0.6167912996518347,0.7397257402759032,0.0778544858957235
0.13245078531243507,0.0900601277196697,0.4472478611491184,0.5920251929662053,0.2915239303651115,0.7548989055995075,0.05820699967318086
0.13177808396364382,0.08944009833979849,0.41687789092110045,0.594890887346661,0.47857572821632194,0.6983107806343467,0.026807534875620376
0.14138919541121586,0.09455701906320617,0.43047161772964326,0.6310512026230409,0.07862907970923427,0.8290134842185227,0.1040271711839239
0.18291228750308078,0.11420288627795008,0.505781678035357,0.7628669921118196,0.18634844501145664,0.8594167186201259,0.13653850717480615
0.12543222837916768,0.0871414252298561,0.4678726474842721,0.5644867252116088,0.015425551054228798,0.8261450223880193,0.0949030793587126
0.14739176906017704,0.09712250575603765,0.27164462156277314,0.6913660917209911,0.09932413571346757,0.8256212734494632,0.10841599607813619
0.13946632184367155,0.09337597588698998,0.31259657232731064,0.6520496261560174,0.1407503472567737,0.8038076996235658,0.09187199485425598
0.23909103598331183,0.14154758389779698,0.8327161081598405,0.8897792387321077,0.029495518053675465,0.9970711276235931,0.22944967430004906
0.21923974369834232,0.13199805716953136,0.796635196401718,0.8254924691971247,0.09398012969780255,0.948736330921607,0.19488515900654357
0.2386439673165253,0.14103113521282015,0.6539804517790015,0.9314755302442708,0.046348063487698016,0.9848961113370982,0.22670033619666188
0.2575415573564555,0.14991540102779763,0.6915533856205498,0.99015560402303,0.14111312930149378,0.9855266257766575,0.23398456189839284
0.246996669043471,0.14425139573578244,0.6402278729538308,0.9594074189747243,0.5744096064915326,0.8423797613926987,0.15027935416939348
0.2209410680912234,0.1315359697680535,0.41391431645387033,0.9194210544780245,0.5846121145730989,0.7939915145742774,0.11767799893480388
0.10492414787702457,0.07658645060714855,0.1952455870127907,0.5527606729270069,0.3170728655707338,0.6989958791657411,0.021382888470121694
0.1333943564166699,0.0903246472404524,0.16804442628526398,0.6655464999858987,0.10134295204795578,0.8013021022998839,0.0914138592142472
0.08746340955153324,0.06851327187437,0.23497691051564662,0.4805673275312506,0.21607413987588658,0.7050905041252897,0.01662442397699243
0.1301494891844225,0.08927673179152287,0.4009518330278659,0.5980200085100614,0.011113561651642678,0.8316221376205115,0.1015461156113181
0.08933241631395757,0.0699381000015503,0.4852754546921756,0.4276301054388727,0.10928210497136544,0.7481479756982664,0.03562750246329327
0.21722742141888168,0.13018051704549338,0.6678754705199705,0.8440887120246456,0.5819411337344986,0.7989122604610166,0.11281543923581591
0.20174140536522744,0.12294200460944371,0.5857113409824977,0.8095156085786988,0.41358949987611515,0.8229180751158802,0.1218807848083549
0.19038216006251873,0.11755986219889827,0.5496396817497423,0.7773579654705489,0.3718250287540895,0.817610157716233,0.11505172587888655
0.18903273758075845,0.11741928038527946,0.7103194391420495,0.735332704659467,0.1906832128849019,0.8744359673538689,0.14262054568000726
0.16475812040839657,0.10564371788176055,0.5472329378620261,0.6864155403448756,0.20356372347478535,0.8301429120515778,0.11154509683113949
0.23286428651622482,0.13749488109983884,0.44055318532676296,0.9585882486925181,0.38691530951440123,0.8695286923564082,0.16449405419083707
0.11592043576367397,0.08193386887059845,0.37454092298693453,0.548002378095253,0.42420991328900753,0.6900508079685796,0.016603239397762093
0.20624540695341737,0.12457984254068888,0.47829387576472104,0.8494061575259004,0.6547487813827457,0.755061157685417,0.08813264608103581
0.1796922923696715,0.1119123674695158,0.5627950024850505,0.7302487777444798,0.8172723954850771,0.6731080901431155,0.028976623963721443
0.203557701465912,0.12331563653425495,0.5857882781426103,0.8121276395010368,0.7730533893042288,0.7207557353728045,0.06513177951218987
0.14797548754815504,0.0969637978639597,0.4696078992917727,0.6391779075231284,0.6509512390005422,0.6730515503873575,0.01803772375578296
0.16466428432940827,0.10474903178308159,0.4462551965951242,0.7049959828645628,0.7135937990926537,0.6776443432206768,0.028098516699635083
0.20868186917808745,0.1259755383158386,0.6003515278905225,0.8289725074690655,0.6186619215751423,0.7735655207304452,0.09662854636342144
0.2356621544062325,0.13871108428726098,0.5328703185718283,0.9442233647560321,0.5750805479313105,0.8220976337089271,0.13674298526576212
0.1648700288715238,0.10470594761072521,0.36965734538925477,0.7242313186225835,0.7282051063275092,0.6708381178025971,0.026190832677533082
0.15651844161363893,0.10070338564157708,0.34816012871049196,0.6989278483529038,0.7369146586258871,0.6556363704298764,0.014689891986401332
0.07817627604247464,0.06386190796216432,0.0068123226992273965,0.5031519654297417,0.1360030932554748,0.7067646814400623,0.019192562728325275
0.08428754384708106,0.0668553280437247,0.03322385778856618,0.5194582953770817,0.09441731305039745,0.728545451225729,0.033350102609894156
0.10905201118843343,0.0781371029165407,0.00848938775958942,0.612365333309524,0.39872445781174454,0.6741416743638686,0.013585557904380551
0.10653766511868328,0.07691793537852468,0.005275381066330548,0.6037963019064404,0.41558017735093833,0.6655382406335352,0.007778518178160859
0.1863381312488958,0.11535256056214957,0.5328477041357648,0.7645368469540863,0.5672840591768105,0.7542855750909839,0.07813800323945311
0.07934934301172585,0.06558951603839741,0.7453682503987551,0.3276882836905971,0.13054670752349667,0.7374133834251455,0.0192086279003671
0.08748591176454358,0.06929773442543043,0.675158383717797,0.3741417242172524,0.15717808030842528,0.7386101726723793,0.024938392833596803
0.25902368448881685,0.14989697972433452,0.825430415629634,0.9553337745021424,0.8287880239136942,0.7922129382325507,0.1225843443008627
0.2689738234268227,0.15468049933771288,0.8528740242419272,0.9851324860920494,0.8095901219088735,0.8129628151953723,0.13772766811528944
0.26871643617757435,0.15467677448261052,0.9347030348209024,0.9641848425978241,0.8175559662668479,0.8133108140099569,0.1358535732890604
0.2700263070257421,0.1552715273288984,0.926891234919611,0.9707500622492525,0.8275420366742301,0.8119723541016972,0.1358304649608941
0.27198942130365467,0.156265561075607,0.9142681060107256,0.9816651367259713,0.7656621955605512,0.8323249781243536,0.14840183042360794
0.16123515022079052,0.10421775596633787,0.9133542112179177,0.5817069727839537,0.4501308956664924,0.7668677329050676,0.06568796287287654
0.08247065332221629,0.06659702996731581,0.5500221928522826,0.3852836801537383,0.2510982054340962,0.699475180233608,0.0038362559689408514
0.08642569556285908,0.06854054441018645,0.5987665235166895,0.3877736659897343,0.25639963600428345,0.7053578319778303,0.00761656663955552
0.16012833874693383,0.10230782208084552,0.11863588436797179,0.770059468266733,0.5479721614373763,0.7073097143391264,0.0507758762635023
0.19474311736083516,0.11878248866932473,0.0585358286912054,0.9122439871306859,0.4229332595102942,0.7906995160248662,0.11349569698352605
0.18704856118575183,0.11510214422818303,0.0453842974964109,0.8872852647497473,0.43329090852953334,0.7762606075508236,0.10249612964484932
0.15023818375137038,0.09771579306961672,0.1972497676747494,0.7146259808224069,0.5702277793569074,0.689687581985561,0.034873181379432086
0.20164958158060803,0.122339629207017,0.31232896611610417,0.8746880621948512,0.5079505360600692,0.7851519344023544,0.10714609200644787
0.17685016236695222,0.1107582083080035,0.2800523017883864,0.7939503115550056,0.34624087353907546,0.7958394214758723,0.1036592646209947
0.17754946453007517,0.11110478732460169,0.28148519577190073,0.7962568130450987,0.3366458252078185,0.7996821310122538,0.10607744781001766
0.1604147511024252,0.10329264127651001,0.3404588366722001,0.7211916850122587,0.17938442981471778,0.8233483153802232,0.11088216802762509
0.1427436888687211,0.09495967285823112,0.7213828492876369,0.5594509584078675,0.5936222504732416,0.6916611752985107,0.02030300244497968
0.23576365988371734,0.1381202008350021,0.34978377774031333,0.9862958444804697,0.8336409376036708,0.7401082885376289,0.09503191399902107
0.10706150917190581,0.07721844156558219,0.05716672361794052,0.5928311721605662,0.43735179299588206,0.6618629936720196,0.004682043993194718
0.10647668333034638,0.0769641991459075,0.04502118139057489,0.5940003226757588,0.4063604253763681,0.6696122951388548,0.009092629067522062
0.15811658760817482,0.10189521108640412,0.18634304436717836,0.7497969864274262,0.22780794365417825,0.8002566302228891,0.10063086643079891
0.192954810168248,0.1184483595417591,0.29249202272652525,0.8499516000913101,0.31644069876750025,0.8278670369371298,0.1280603181803713
0.16245802034743378,0.10433733838607397,0.3593331932049775,0.7244280598102285,0.14479359171558817,0.837031150933995,0.11897709551784372
0.1671593613444975,0.10654567761664141,0.3592826262190036,0.7414203055899,0.15882630588272736,0.839620214538715,0.12238365939999453
0.17254553597432304,0.10907486157239359,0.36923446604522214,0.7583147697212064,0.18717058523937755,0.8393829971293812,0.12424331193766389
0.18153469864387956,0.113069275343485,0.16695024209945342,0.8407701633641949,0.14701984887084235,0.8563527277910044,0.14237265072273453
0.21586974664433378,0.13011449680283607,0.5501047619492687,0.8740604212599575,0.01885348635811937,0.9566960601105847,0.20388358587622987
0.08072185961008696,0.06517335378333983,0.12463413283056118,0.4830883522232076,0.19532913348104522,0.6974641656976099,0.01218595277114412
0.23323809227880557,0.13802930036329586,0.3889804694624265,0.9760988924841523,0.06317396745772762,0.9624836157686621,0.21820393438271707
0.21290365949052373,0.1275024756076558,0.1358747749772043,0.9595578841612525,0.4274843347916394,0.8180455334892183,0.13455663436105847
0.19767133524548497,0.12036008257205957,0.25220925896534574,0.8748246248817031,0.5078921329248638,0.7772866254617955,0.10251319780194687
0.19894556771102861,0.12100136622736783,0.23904525760978873,0.8831515081045718,0.4648440301383928,0.7911529060716145,0.11116138552230465
0.22419464388201996,0.13311975564372874,0.2709853994432137,0.9682678377590711,0.3870779818839586,0.850873824330811,0.15447042205197406
0.21527669226805457,0.12903948070852722,0.3328376568459752,0.9210938163843219,0.35208496749955837,0.8506933583166755,0.1491894024778912
0.22562734209906776,0.1338760652512006,0.3441670363650713,0.9553637347717406,0.41502460777641187,0.8474802019052813,0.1513982549963112
0.15272184435086414,0.09958645817679077,0.6798250203865746,0.605648586221727,0.6196082334033938,0.6967253473744502,0.028285118605451104
0.1547657355739614,0.10059698056027161,0.706603449398957,0.6065785715806375,0.6196563954658127,0.7006085919462834,0.030675181709404076
0.09389903912361307,0.07139044073126197,0.05589210376632425,0.5485264043044842,0.1345855087183878,0.7313380745641307,0.0383608315539935
0.10934756834077444,0.07885998807103362,0.07627718571812851,0.6008386606516222,0.047414948724170895,0.7794455451239273,0.07134955892142386
0.1359715984251724,0.09152838945216715,0.369472542307951,0.6231596588801794,0.3485246805183781,0.7404072304300511,0.05337568848870585
0.1110429129035225,0.07948364863112285,0.3216990664594034,0.5426300452028128,0.4655453322417738,0.6691157225367967,0.004067052139047317
0.1995644075893302,0.1210097720444335,0.26348839181326345,0.8768079711927697,0.7034873575134519,0.7233993282474779,0.072697770016924
0.1796080904162805,0.11176061913823096,0.3120302550865988,0.7933123295317458,0.6080196945977531,0.7246631045071018,0.06397485648139328
0.20174493545221023,0.12191667054727509,0.16549799295216694,0.9088429427961886,0.68260779261357,0.7289474532057227,0.07907503877090293
0.2021758512781986,0.12212173134868974,0.16749098931550085,0.9099099975851856,0.6842636607400407,0.7291511349584943,0.07932042309835145
0.1805265641428945,0.11179809431106634,0.16233632624249972,0.8317783933107926,0.727347038053152,0.6856448377583314,0.045986458470506225
0.17844543116334305,0.11094523810923224,0.20361051853271694,0.8147025437623607,0.6770970796355247,0.698861193427256,0.05157232449991044
0.14804079263858488,0.09643512168247426,0.18446387493345118,0.7079322050732166,0.7321762913694945,0.6389002047658184,0.005684843535956607
0.19693881382012182,0.11956780466330305,0.1979532974157183,0.882416979216537,0.7733627931360947,0.6968767569174078,0.058254496195728145
0.19683253992140168,0.12086160863452529,0.4964595245741011,0.8165141561373567,0.12863523551015987,0.8956671875007585,0.16293325128339242
0.14148766446776867,0.09433900291004932,0.5321298102597883,0.6031807752670699,0.39227402836555875,0.7415292364765277,0.05239035421553501
0.13725386908886142,0.09214599171705387,0.5483379170785421,0.5820615258785649,0.5492272770487382,0.690379330434252,0.02145847942127993
0.18427422707225835,0.11447538666907281,0.4368945290672117,0.7824376933460266,0.3813183159315249,0.8019837245348163,0.10643077862322911
0.16623719796444847,0.1059393894933793,0.4030394342546082,0.7254541191147453,0.3347610043603501,0.7886663555097408,0.09227343931727963
0.20703425974659817,0.12474470890628855,0.28047078107458584,0.9012848316523465,0.5787168054038189,0.7710003696622008,0.10217688017318587
0.1233809271664092,0.08568276397141925,0.4221960555342631,0.564732441808511,0.3215569903675683,0.7323311936846127,0.042347935017882546
0.2578409291652337,0.14937823044796864,0.9847797535394637,0.9105125655926686,0.9834979988057032,0.7513607445896888,0.09527825669662306
0.2601590112782689,0.15049298424475954,0.993161481609763,0.9169478366318434,0.9810895660137199,0.7556671112603612,0.0984614716845503
0.20764766776663235,0.12500377300617815,0.5384431333214984,0.8371276450231061,0.9022084832057649,0.687175962184274,0.04906290106674733
0.20172566507807427,0.12222746942140415,0.5662217313507283,0.808662776642405,0.9127895489995748,0.6767085599610397,0.04005109739126052
0.1944086004068325,0.11889369958856902,0.6334847517006527,0.7658385503084753,0.8929302323507226,0.6745935440140727,0.03421482008156236
0.211796531046706,0.1275847357979324,0.7413088356058042,0.8052824444978337,0.6841480532261177,0.76413663500311,0.0892304185778228
0.23748234545727553,0.13983101105764884,0.7248516692304471,0.9037504795313689,0.6083969356325372,0.822095976023027,0.1328901508423995
0.2392909493371165,0.14071328013907308,0.7196544594058585,0.9118828063022445,0.5836186660188357,0.8316932714153026,0.13916592429194846
0.2538301881217217,0.1474697982324802,0.585226310998768,0.9982574102124562,0.5245955466203119,0.8645649421121977,0.1669171186188201
0.1253141763177587,0.086235619379756,0.0778534566213219,0.6570811985159037,0.18884254030876355,0.7609792299199858,0.06753466913698582
0.12908416777543055,0.08793737866504518,0.05270060965282011,0.6765790538185987,0.22187497827709338,0.7557775378468633,0.06677271668459465
0.10094162915286531,0.07465815668364878,0.13711062783654418,0.5528092541556962,0.2800014639230754,0.7019835072015967,0.022808938543674634
0.08913712989918131,0.06915256973156902,0.17090461496788015,0.5018346182417719,0.25494845886812434,0.6937645216497368,0.012480676519057952
0.08551760889386217,0.06746227485027759,0.14059523076114772,0.4966135882316571,0.20153233937800036,0.7030626987722728,0.016941287194571185
0.1363822006380979,0.09214192836009186,0.36150539877152377,0.6301308718202802,0.029997157641276646,0.8335124240469233,0.10613917596913014
0.13465842931518054,0.09100725366177795,0.27526245092042745,0.6433528261228608,0.1643289745768581,0.7887209463213274,0.08228419194712423
0.09902129291805793,0.07398167176408002,0.31269108117361183,0.5027090576314596,0.3120945072819867,0.6964152334387033,0.014666551062972988
0.08349462294884637,0.06667158227944399,0.3085245579520079,0.44756357981785844,0.27312047008552276,0.685556139980736,0.0022207366550586354
0.19780904759286627,0.12058717907683851,0.5483562650720711,0.8007313276616699,0.7330545322251236,0.7228548005522368,0.06482914590423901
0.21289229801057694,0.12755806035336653,0.4769869795942348,0.8725674861452639,0.7794313241992537,0.7281252145901523,0.07575806138986878
0.13365485220616224,0.09046562126133519,0.4406675248099661,0.5967494134618512,0.40563269053557344,0.7231149725431093,0.040974944408560365
0.17166997164786757,0.10859000631847873,0.4622920720816461,0.730693395044695,0.3471438883352793,0.7949749120166075,0.09665368418130688
0.18941372726808,0.11708087646091961,0.47550680651007615,0.7926679685786848,0.30043430007283434,0.8342875479576826,0.12581557252082076
0.19400215948140115,0.11921155933294048,0.4387891619466648,0.8184508288471564,0.28963148397047367,0.8425931991947724,0.1332725465061197
0.17560799934302082,0.11042389118839752,0.5998524196965028,0.7095202922090416,0.5307644040093542,0.7521661869505095,0.07089114699662503
0.1681623971744146,0.10691283117794302,0.41096363548987624,0.7309419031771455,0.2987316956383539,0.8021944663645615,0.10049508141619254
0.1538044986635198,0.10001580919474921,0.3905132544181162,0.6830786376954034,0.344641884721712,0.7676572779489833,0.07559759060897936
0.09657662033359707,0.07226743202046729,0.01218883160368911,0.5662818745793583,0.37276845278423515,0.6641164051441539,0.0026847137804240084
0.1865772319478613,0.11563466993340674,0.6176005516705532,0.7450637834594516,0.5413017970188433,0.7653397625316442,0.08242523369322537
0.178876257958132,0.11190980726759063,0.6060602751596527,0.7193288497996051,0.5841481771688494,0.7414844462604782,0.06608453281822618
0.2293345380356786,0.13611650084086124,0.7215536760338873,0.8760928153778317,0.49693961830017774,0.8428747596677603,0.14128784556143775
0.2215708628424762,0.13238467931387116,0.7222190300688829,0.8471866150306877,0.5371995403561546,0.8201367226070486,0.1252571517466404
0.2535512085955999,0.14773730087384918,0.8067886603638975,0.943714169504432,0.4874283108533115,0.8832163127021811,0.1719831376696898
0.21545708062418645,0.13012966056737976,0.9411738276598928,0.7740265908658022,0.31843520577225376,0.8833173348354784,0.15303018585647205
0.25038011728034254,0.14600216297354698,0.9893678164326754,0.8834433126557764,0.8716567478301076,0.7735200188984489,0.10454840083937396
0.2516688467717121,0.14659938427809957,0.9860303059545835,0.8888867027067443,0.8776345800347225,0.7734854445739041,0.10514304448149825
0.2531752310319178,0.14722122700264942,0.9753419612542056,0.8963648710533503,0.9329979792409773,0.7590967994206578,0.09792537752530164
0.20295435130860587,0.12301445313696646,0.24651700868359572,0.8967794377231282,0.3895602185107321,0.8190632997892273,0.12835203223776323
0.13145350919937104,0.09000064558059426,0.6126581789444668,0.5493683733703287,0.17917177862818207,0.7923555675276632,0.07490674971509007
0.16077262491378175,0.10420647030619574,0.8146219195329354,0.6070349763102798,0.18182618143169665,0.840731311558408,0.1094376302542664
0.12759087715650294,0.08874215369394481,0.8966743510551123,0.46716045348595947,0.08781141314782799,0.8240229485899467,0.08431509987341006
0.13358793194418833,0.09155930840063671,0.8477212398875702,0.5013705792020623,0.0486836998428805,0.8421300035935191,0.09816584688600648
0.06945761215924225,0.060827058710981055,0.7097580327323526,0.30014192347100405,0.14512047950497672,0.7177910567379794,0.004920063227591309
0.22104755254669278,0.1313567360669769,0.3472863494705215,0.9350086793299677,0.6766039362018188,0.7648657406908824,0.10292791705127308
0.17263126430024814,0.10871400696798311,0.23635317956104726,0.7894044568616575,0.32885710709142907,0.793289714155455,0.10152444200988026
0.14445123375742197,0.0954412222661726,0.3235110265600356,0.664991796941975,0.3723193330066408,0.7438174146322197,0.059911590199194384
0.12953274754467686,0.08833230221315519,0.27278354113439024,0.6232870675853764,0.34336116733596134,0.7291770205693091,0.04670670022760581
0.19754622691209414,0.12115648064199994,0.6111530403583724,0.789357935301448,0.29403364832507795,0.852738819039064,0.13631590262302645
0.07340087411991249,0.06246170348610246,0.45914131077531095,0.3768496129207139,0.02591196481504017,0.748835658477744,0.030039825475618044
0.07410308785965404,0.06280490023135886,0.46112585587099447,0.37898629929570016,0.020473404526514426,0.7514917858346737,0.03177813816469981
0.061368063957316046,0.05687760037454057,0.5683103195603311,0.3059623944715675,0.06668413753569147,0.7239067063182401,0.008403669707606136
0.05899466671896286,0.05575087121073032,0.5882905017881785,0.2921711567103634,0.0915923129002775,0.7140173374263846,0.0013747847816300111
0.08063821323902712,0.06616736925165007,0.6587764413557694,0.3543162743203648,0.05398745764112736,0.7583421067912481,0.03359955371837759
0.12748543849088484,0.0883985322113262,0.8029834918601945,0.4883894726343613,0.1955340918240456,0.7890084457895203,0.06681217332723549
0.138455906661188,0.09335982161875854,0.7597700851430158,0.5375172913847543,0.31970677853277496,0.7668100662776857,0.05990108756804849
0.13344409021765227,0.09098661354347415,0.7465124134773834,0.5226595864131154,0.3033030438883128,0.7639771770205233,0.0565479372146308
0.11570552342667426,0.08282437573169295,0.7239934158828601,0.46576096991309707,0.09844303347474515,0.7976329103936519,0.06868005755472469
0.16584289263666488,0.10650676180034489,0.6225533820405068,0.673919550963056,0.03355380105994369,0.8840177698945003,0.14050972993887703
0.1569840863176935,0.1023211930113695,0.6128378307835965,0.6442163815155073,0.013676561981802258,0.8768623373976681,0.13304462155712124
0.19874835392843554,0.12144700818638128,0.4542485501130301,0.8316783771337467,0.3173886823560681,0.8418219917668677,0.13443431687866908
0.17025166964437616,0.10721187339915544,0.24860104062148036,0.774521919258295,0.6196785506196525,0.7056190097968293,0.050901013688331276
0.16881300260415985,0.10631769333782987,0.1185075270915158,0.8008881696685499,0.6251767714331413,0.6971477176438068,0.04865827541473369
0.16464701650357727,0.1043593186284178,0.11764550633361635,0.7860510256888606,0.6127977474961378,0.6948036009925829,0.045633311688682746
0.1888328584394069,0.11579087399845223,0.14377226528461415,0.8672826371278519,0.6634004252527038,0.7153922086608527,0.06661649070703739
0.12285771412082076,0.08525847922371255,0.39984724892232226,0.5671099190551949,0.4257425960393846,0.7003997448340403,0.024695427729427503
0.17428637258857244,0.10957820020601713,0.2151618544913081,0.8015252465703215,0.24513198737744515,0.819252520533214,0.11733131595008113
0.23367649002261756,0.1380201169803642,0.34966493101727913,0.9859992090003395,0.1775055320616018,0.9283327406106006,0.20010782534042645
0.2149754364016591,0.12908781669137184,0.3459270857221433,0.9182052268998411,0.22629426043024128,0.8874055410001651,0.1694131516897025
0.2275047988532658,0.13500652664786003,0.31867338939346745,0.9707160650281229,0.20751932008660715,0.9096682698424013,0.1877890735286466
0.23869539437966,0.14035863824783126,0.3984449736436393,0.9914645064916874,0.2633262163365988,0.9122654342042769,0.1919740793299585
0.23210446688835348,0.13715325846033086,0.42626426582600263,0.9596324357016494,0.3567293516430494,0.8767151632516555,0.16856677369428485
0.22743679434691125,0.1350213354362055,0.4388453890622294,0.9400458228229935,0.3126505506018107,0.883393952353389,0.17008972394633495
0.2173388087683801,0.13011917869871478,0.44381943182390227,0.9009995523665913,0.40543512972206974,0.8421935511878712,0.14259722435189506
0.2118510182826569,0.1278494828653933,0.6312143238941303,0.8356623058954412,0.37968238985199565,0.8488505269408475,0.13957379515268895
0.0895887594477241,0.06954541890079019,0.09831783760112016,0.5235544691280644,0.03845783982006536,0.7547983364742668,0.04876090421727654
0.09838751706116067,0.07378925840288839,0.12024265532839679,0.5506191269181212,0.008535777082837067,0.7768325300422412,0.06428237557950452
0.07010454207773212,0.060350676819907294,0.13751870580966905,0.4427877556672987,0.05705031020649986,0.7231499296429424,0.021933846314018776
0.09459807846345869,0.07161739541975758,0.035518804532289006,0.5554433832012452,0.18781539051762206,0.7160647914703694,0.03054308465077686
0.10071931736179551,0.0745241337522633,0.13487362929205812,0.5523373986066122,0.2985772362976432,0.6961717799314519,0.019499486676007
0.17631076391224,0.11026475794185117,0.372339490087747,0.7663766806950582,0.6292161112457917,0.7160382843092905,0.056307230368814784
0.18794038485407605,0.11658525354630492,0.5139033704407315,0.7791125518353328,0.19570862563270985,0.8641347101295692,0.14108261809837078
0.21442820062590473,0.12879679649594772,0.5695588468725049,0.8586197793135352,0.5099624840253616,0.8122627142198129,0.12152838119817572
0.23840840575199485,0.1398664027151309,0.45035199313822427,0.9741932036474541,0.5866808940904035,0.8195589375548479,0.1384319752670849
0.1903716242126191,0.11643464312586918,0.3073443073198481,0.8302589317244926,0.9166875530333957,0.6498386876469542,0.026434247062322835
0.17381146660932933,0.10856193887491591,0.25441433606114594,0.7832500153068549,0.8748204519053724,0.6365456001902484,0.01336022228659748
0.167295966780576,0.10546593539798788,0.2714444349069276,0.7550620148595185,0.9013164176275789,0.6201987494835088,0.0010512527692688872
0.20974919232283173,0.12582873654388602,0.38357903310176167,0.8830904012523779,0.8479937455284988,0.7002161676789538,0.06098873854279913
0.2021000149704074,0.12213481868035232,0.35572791249133895,0.8617782068555928,0.8671326417219143,0.6827377403707654,0.04864993311400903
0.20927496379836238,0.12539490238474138,0.24884940754913662,0.914188324830251,0.8455815941101595,0.6952483131538418,0.061228711721533255
0.12271681592621286,0.08511563294294523,0.2900426256672824,0.5941228791104611,0.3541259391003299,0.7169957762266216,0.0366122619186954
0.11709111233071408,0.08224936607955455,0.24262727267585316,0.5841280625767535,0.4472187456610501,0.680117048850839,0.014662320685381272
0.18409171821804404,0.11396032023519369,0.09414132676077265,0.8661308076203657,0.29880095037157894,0.8130573194249855,0.12081126208158485
0.2071897033218245,0.1247187306442282,0.1566046760078384,0.9327899704308453,0.5081075342868814,0.7872023976246285,0.11433213050814468
0.17741857905372815,0.11111467938608775,0.06480250773205498,0.8519180628013221,0.03142541380897832,0.8803993618408655,0.1566519187747354
0.12837815097919614,0.08750026927175941,0.035535198445747845,0.6775658063340562,0.2776329756965666,0.7378901472635797,0.05682448074981025
0.13816036568538,0.09170801292776902,0.034947866839160825,0.7098739035632026,0.5920628100886884,0.6601444042666558,0.01713468936265583
0.1559987413738506,0.10024917294379183,0.018911884673107723,0.7797368664925812,0.507284658759056,0.7095995988180972,0.05274610472201723
0.21116021398216978,0.1267541354770367,0.3508845749773035,0.8987191366238759,0.6203527677521474,0.7673418597199186,0.10013807353812872
0.22567130332051855,0.13337686603961305,0.25908061479717004,0.9730772503601601,0.6998328667321319,0.7613952821316068,0.10500694482634862
0.13683152601600998,0.09167029661028889,0.29470034762574426,0.6432878486412167,0.457484799028691,0.7071054707156411,0.03678286182255674
0.23764332182440825,0.13900074155453176,0.41323668190320817,0.9767979219927772,0.914873658383681,0.7214616273221782,0.08379354613539028
0.2435799935389125,0.14188294794234838,0.45216247003690224,0.9890263007528,0.9088801797665379,0.7330870416231527,0.09186276935725783
0.20028891612464111,0.12145265557269284,0.299843132745793,0.8709447256784328,0.6722642736760265,0.7348753507139215,0.07858476822777645
0.17041574326236247,0.10752142097707294,0.5045288774380453,0.7114084665990515,0.7464015002766011,0.678417716326263,0.02951895215463962
0.19135865798049267,0.11738189856957211,0.46888691014759143,0.7963716835091255,0.7506795656868211,0.7056063827411874,0.05435501535676038
0.19239328572690614,0.11816502724809456,0.5185188129988906,0.7898185035494605,0.5922250538530826,0.7550900543980608,0.08144372624001729
0.2246705603425674,0.13359484779013026,0.4887452375692599,0.9162216353010986,0.4562494324456682,0.8394702326886314,0.14302472240825376
0.12833325555024927,0.08765313558939714,0.13128968285398696,0.6542807120319036,0.2605335805262496,0.7463604260633969,0.05927577333310058
0.19313627629522095,0.11791746997952601,0.05862128309284398,0.9055157961814274,0.4995857859308895,0.7660834222331525,0.09897317884206652
0.20715329537898516,0.12456622354431929,0.030628563958282947,0.9638448933034766,0.4613422933433785,0.7961055453296578,0.1223504933230503
0.21453361298980383,0.1281665215237242,0.09366472079412311,0.9754335652420425,0.4582283738540015,0.8098373240893859,0.13162498504615566
0.16529519504540408,0.10559559721201285,0.7489734777575396,0.6341758689193258,0.6616531698847548,0.7049033960349765,0.03643906848138388
0.2652628581705084,0.1534544909637503,0.9823544833372249,0.9427720114530962,0.5674606577212783,0.8830475254714991,0.17252893945943326
0.23929024758129266,0.14141737678813124,0.9396536194116706,0.8612508778241951,0.3197027084595589,0.916755465649379,0.18176261708032015
0.24311483543163478,0.14328379904731817,0.9555496180150312,0.8715612581039421,0.2980604450830665,0.9290857146628111,0.18990587764332292
0.24496036862912743,0.14397108652115534,0.8909946628365525,0.8933048214939043,0.36103454432738924,0.9109634037925292,0.1820197444733727
0.234205855387372,0.13887866773559027,0.9711940760803734,0.8335700799155862,0.4522034899833395,0.8720909480176942,0.15376056147705877
0.2791605420723623,0.16002653701250388,0.9680918933999031,0.9969810565961214,0.5600803533880816,0.9044159459154916,0.19065683614817786
0.26307741188027084,0.15232795410598315,0.8773950133093963,0.9609678261399415,0.5125619007413589,0.8920467078753244,0.17920658259528224
0.2557043690936801,0.14888271455534982,0.8911183640070985,0.930969300881184,0.49309789693908634,0.8877512538418579,0.17340446073205293
0.2550862645748508,0.14860879928101337,0.8997933641409215,0.9266475545887698,0.4892178548049209,0.8883253743188796,0.17326332299019895
0.20701828994410218,0.1256173749676922,0.8408698178719132,0.7647715298889228,0.5811611160415995,0.7910498023889149,0.10000913659575576
0.24483816494142038,0.14338776402784767,0.700919722503244,0.9372836091712756,0.5276527252602802,0.8551884906689319,0.15513785287966259
0.21181311737217282,0.12808644537879277,0.5588254346137106,0.8561700771474273,0.10729387111934438,0.9254844799721968,0.1844266129241389
0.16911922216445563,0.10747068068048662,0.7312158421326111,0.6531848589351732,0.5942600450951698,0.7293162481735382,0.05218996372575735
0.24387420648327848,0.14293626248281763,0.9383870426009826,0.8729350701843575,0.8001445164740604,0.7832234499194323,0.10853699312169263
0.17135091296930638,0.10906370887266537,0.9434659290200774,0.6112939911010397,0.44587442085851564,0.7835980417186693,0.07857357854533586
0.21251532825180042,0.12775048705353625,0.575228661293233,0.8490472092006176,0.6199037181967497,0.7777187481328923,0.10115738284551334
0.16507160780365115,0.10504686602395906,0.2747795563704506,0.7512993993275893,0.4366631454954494,0.7525594741404149,0.07454578864747372
0.19708404206592434,0.12045357993506811,0.35042284257692546,0.8505508442543437,0.3478011216465696,0.8267444478083321,0.1277496570188808
0.2197571690174591,0.1306696587684531,0.2017027253728415,0.9670074444596133,0.5630718146865172,0.7907154599825527,0.12043509291981427
0.20916214453292054,0.1255705121939152,0.17455812450448296,0.9346989274827577,0.590064124902031,0.7667891233940854,0.10322956610656059
0.12965301923623765,0.08823783981795788,0.2222012625293058,0.6354523093489064,0.39627835929257826,0.7120520924826366,0.03833176080676587
0.1344508047044258,0.09002822474171703,0.103296869882947,0.6794678778074131,0.6142125834343739,0.6509542321072301,0.008785148698282771
0.16654144446838975,0.10554892542121855,0.0714118634441741,0.8072007837088432,0.34343838478610667,0.774270523749355,0.0922537910854352
0.1778281948733245,0.11046109226314121,0.08735236166804868,0.8406867173146217,0.6833051796855019,0.6918633265164009,0.05016730945231687
0.2019209331293532,0.1221219598290966,0.1048617444002963,0.9260278388496305,0.5220716420023567,0.7737280160525293,0.10580654220361335
0.20842664946536313,0.1252502257772566,0.14794033356090272,0.9390728038766745,0.538289559402078,0.779843704945095,0.11091090415308642
0.13638731421694383,0.09247062462061909,0.5713550382268174,0.5790245199562617,0.03337941886440586,0.8403171335472677,0.10493630842611035
0.14065888115961223,0.09450550424261674,0.5614488199419215,0.5972239856014087,0.01368170400193419,0.8517588842392825,0.11338378346108006
0.12590246202277375,0.0877829546259642,0.7837899093053127,0.4886413112779722,0.07398977529780655,0.8214647627437948,0.08488403809068851
0.15177858037157982,0.10005521684750851,0.9404246068371402,0.5429030189898625,0.24702981835043222,0.8136177702256437,0.08743205119650388
0.14288953770631815,0.09558689282256796,0.8577867196220466,0.529585416745629,0.34041672041925836,0.7707102085073982,0.061581728584142285
0.1611595102906613,0.10369102061589021,0.7269744316491157,0.625190988318326,0.5955662207144536,0.7174686035035787,0.04232517756024998
0.18215616681710864,0.11415279980157203,0.9003512840247332,0.6614823498867661,0.41806015392795803,0.8054567880604757,0.09638823473408378
0.10258592615022606,0.07607779657255603,0.6505162143276472,0.4324317915344577,0.40463233408929555,0.6870445157350235,0.002764225391650804
0.21994713265501878,0.13158914215232068,0.9777118785802699,0.7755546659088759,0.8538760389356418,0.7350275769785697,0.07055254532687212
0.22049814051459327,0.13176346717130447,0.9285862292029178,0.7894465114529592,0.86072678648528,0.7319922170242319,0.0702511470224624
0.20183993076921034,0.12301622451823091,0.916138320564099,0.725391207064562,0.7777746359164308,0.729191459341609,0.061241825232040456
0.17896257135920848,0.11199298960506598,0.8632950228448799,0.6540444910497158,0.8522754314448331,0.6730166549139894,0.021412961891016657
0.17894729421400501,0.111417078916706,0.45772827993802545,0.7533027741465694,0.8000506431374608,0.6731711017274336,0.03122421197951549
0.18573168725946865,0.1145714338800614,0.38729612064682317,0.7955955585775276,0.7623734838494142,0.6911775523571548,0.04585993633114657
0.21109530537720753,0.12718240928810706,0.7635354651200043,0.7964543386430238,0.7617487179722074,0.7413522052111522,0.07558285576309816
0.1937124851139116,0.119524630661936,0.8824345590978226,0.7073496050226938,0.47352496895951585,0.8050501610541322,0.10137798182330199
0.15724816785721693,0.10156054967703443,0.7267854719201474,0.6087114965044041,0.8000380790046714,0.6523220414758086,0.004042625518827531
0.18917495379888266,0.11705325727233988,0.9190131479071719,0.6787996880911151,0.7534224110142665,0.7183988956533331,0.0498503501009081
0.1806574990488004,0.11306041055339032,0.831351017381871,0.670577158991553,0.6199638766897799,0.7419345559512682,0.061670642163057524
0.19564961514597146,0.12109674780050474,0.9062633810604713,0.7136611383394146,0.01830541725742522,0.9413349691424413,0.17831384946582388
0.18472182708241738,0.11595214584505775,0.9938382408638704,0.6516490663213174,0.09597952871723153,0.906422181547037,0.15203451846974106
0.18722580671646266,0.11723318375182631,0.9922622110441726,0.6619553279404355,0.024259399677919662,0.9308204352322406,0.16684195171420693
0.14687535414964287,0.09762226059328333,0.7919873543348214,0.5621852460092766,0.15539217207280331,0.827848332332119,0.09697101014749425
0.1818504468609362,0.11372509849124873,0.6353237191872136,0.7259942402742409,0.31842228730397937,0.8242268717793599,0.11318460892247031
0.1628307106850761,0.10490841834618424,0.6255230267212345,0.6607768516053254,0.1633780994327914,0.8420178593637536,0.11555156879368256
0.2043474312817758,0.1238966120870107,0.37745346436622373,0.8701093818899083,0.37797401275580556,0.8292750893772532,0.1315352558133299
0.2269385296952468,0.1339959090165072,0.2317589907149672,0.9848530920685761,0.6542752199446419,0.7754577905299465,0.11410235182340621
0.22581591990949143,0.13348284480531414,0.2477721775244267,0.9768102719850624,0.6590239483889018,0.7730728576665027,0.11191065539073973
0.17708003986115706,0.11020470372602266,0.2024528721680696,0.8092557241251014,0.7448567719858706,0.6771333896116225,0.03880529409141034
0.1650299739432876,0.10444382273016069,0.1899674962692968,0.7681121697260928,0.7685039647370496,0.6526580659675786,0.020336123472602524
0.22634664060104587,0.13362316975742045,0.28407228777290205,0.9685284383813009,0.7832835781743931,0.738964648896819,0.09206259128719935
0.22889375362766412,0.1349386714748386,0.42374928421259606,0.9428948360831717,0.8655833608183694,0.7237824537507902,0.08122187706515793
0.24846124779751105,0.14439948582867898,0.48792577836600975,0.9993192787314239,0.8000278927499699,0.7730680761325173,0.1155298527057406
0.09592818170009337,0.07349714651378159,0.8604291638626616,0.3590508344704392,0.2254687295286437,0.7375774311747637,0.023410314809806175
0.05702783722002872,0.055142934185519785,0.7325397373893979,0.25067558071469265,0.02037364674571123,0.7373254706616263,0.01021729623959286
0.05237437264089997,0.05297778841922016,0.7751008284335457,0.2231277366430487,0.04067143095813475,0.7263773571950168,0.0011059226394794855
0.04957813451932524,0.051646566211928355,0.7477594863365468,0.21989272492756526,0.01358045881626431,0.7292843818801685,0.002239357949283257
0.05040012245703831,0.0520432876165077,0.7509504776106274,0.22213028416719058,0.01192444714558117,0.7310532231787268,0.003498967815548114
0.19970900556249419,0.1223975855081032,0.6560752863639103,0.7874972246504534,0.1865811620189265,0.8887890472372849,0.1564243822203801
0.19616493604205815,0.12009286038297393,0.4959993451851447,0.8104927003197462,0.46204144952863324,0.7975486969931698,0.10744383862428561
0.21273355217378195,0.1276615587826379,0.12585785877714387,0.9634690967102792,0.23892655401503593,0.8723770809163526,0.16530578115292244
0.2142863071441797,0.12838576181088246,0.1603401809261918,0.9601947130476574,0.28751962624919414,0.8617024749546955,0.1591139261153934
0.1732153683322069,0.10846506118585068,0.026537616655026325,0.8410162362335785,0.4726970722405347,0.7444236764244043,0.07929737033027248
0.14664214906098097,0.09597349257876042,0.008770466057175167,0.749522255489534,0.3793495121391267,0.7332085964581719,0.06240001551614625
0.130400009681051,0.08864496356268765,0.12039724768805238,0.6647095674766077,0.23853779881624634,0.7553024895031608,0.06542638102451206
0.21563720181961088,0.12972749451801252,0.7599352077652503,0.8171526102924853,0.46734878173365957,0.833458742825447,0.12939143472567027
0.1953393322620496,0.12068759514989501,0.9452951818274514,0.7003766128636298,0.25720982207723386,0.8727262234455722,0.13863388751183697
0.13324588183526176,0.0910618088369594,0.9470122483551683,0.47192167581488204,0.4118089583745843,0.739513733472529,0.0378865594063055
0.1313954311656015,0.09016854603310931,0.9308691852446518,0.46918002157483585,0.40523469497400183,0.7382014653292557,0.036768500128242024
0.21198840714365438,0.12763035297163772,0.8594981604251981,0.7753114966578243,0.8551112487530007,0.7189749461486994,0.061055991858363204
0.21504286480471727,0.1293169991111604,0.9703633139975827,0.7599845500129462,0.8073634630484687,0.7413402209786144,0.0722495456154076
0.21454431474811098,0.12910580368820865,0.9909337273665215,0.7530987980886045,0.8128408980172873,0.7397986760959766,0.07068179051575259
0.20027357234391546,0.12237530106539454,0.9724461435521357,0.7060757759776507,0.7686083872732983,0.7317252384512573,0.06066785637594842
0.2247391652471583,0.13387479700114407,0.8470722424684423,0.8266369608278669,0.690593702660736,0.7845708308789034,0.1035570003541528
0.23423823016018974,0.1380684359017615,0.696520887167086,0.8973415218074696,0.7419083318074604,0.7775312297205196,0.10714330250469939
0.22264831267152757,0.13250510539337867,0.7489920246186819,0.8410551154067617,0.856246501555596,0.7296919790083694,0.07415645849981825
0.2401214494820751,0.14088206978957146,0.7688509330176873,0.9004572225238875,0.8067068674585066,0.7696911839438006,0.10343321533202524
0.24120623050760429,0.14140635359855616,0.7689629445786071,0.9044669787566768,0.7992133549562243,0.7734202429740015,0.10597886016014013
0.2558824189206291,0.1483797146770579,0.7417230917165878,0.9651064104177579,0.7527660630766427,0.8067974280240287,0.13149958160846706
0.17105930581969794,0.10779145727741352,0.1810480070601004,0.7963968607189101,0.39571321928508785,0.7695234507976201,0.08882365916768942
0.19757162888425184,0.12024744829219125,0.48979725026598475,0.8130168839187678,0.832635456439708,0.691328225101822,0.048391722577346266
0.22155908872368962,0.131367711299319,0.4696924738912134,0.9035974793731496,0.9898252920044953,0.6788613513673115,0.051797373750846365
0.21426844785798527,0.1283136683240179,0.40536387011202607,0.8967934971008465,0.6196146752787376,0.7739938931856626,0.10386291351227012
0.22461185105900852,0.13254142600259033,0.20868136386577577,0.979404513190491,0.8873234490854524,0.703386917642649,0.07312842410303778
0.2048420664622948,0.12306873372766773,0.09452141099064769,0.9357444154895475,0.8327415603726103,0.6869674566345446,0.05843385048774351
0.21456970172840517,0.12788851728206577,0.1353930533300614,0.9624502558381676,0.7245961366025304,0.7338180579618201,0.08785300968195128
0.16763418236623182,0.10541700278451246,0.1404915828727798,0.7881527583313209,0.9033165160256893,0.6152396415473373,0.0015421963402607597
0.16176530942171,0.10279163532951269,0.20659456634076348,0.7510867703240145,0.8656711075064191,0.6203220702753517,3.8477855818582396E-4
0.16782829871348995,0.1056782331325597,0.2534352918523656,0.761292207595967,0.9098191497622331,0.6178095395449623,3.5921669003106786E-4
0.18719763523609623,0.11485259115367141,0.31931398374499353,0.8149806066151676,0.9883779571289626,0.6248825839805513,0.010785828202259687
0.15633358554369287,0.10106831468492336,0.4355933700719637,0.6795461129203545,0.5046696257085345,0.7262914850670602,0.05228218851190643
0.167754421774446,0.1072364560808341,0.9543299846206228,0.5943903373034735,0.5495102896906439,0.7486918680360038,0.05717643337527592
0.16380108030615942,0.10503559768037739,0.7549091259387889,0.6284197920168164,0.5594044880188385,0.7327953325658383,0.05137587711770074
0.1669176525864553,0.10622746346210893,0.6536088880988621,0.6634165586199264,0.651672139255226,0.7065801860222881,0.0403431874974897
0.12427981029592973,0.0858806302556212,0.46502895767468666,0.5551602710904623,0.5396921392486,0.6716335478924623,0.007530418220905584
0.16078302097405173,0.10365944321168266,0.3739904230378573,0.7155130814183095,0.07645650665885287,0.8551078807861622,0.1281054233659345
0.10781690999788883,0.07803053242996744,0.15677382254067107,0.5737693775079954,0.21803262071707924,0.7305390738861224,0.041258026990262625
0.09330439991785269,0.07086577545359773,0.04304449146831352,0.547662748187091,0.29893915317625974,0.6821248688943131,0.010724114435462284
0.09224938937104343,0.07037795457444652,0.055700209432453705,0.5406714744622897,0.30478818821004805,0.6793908385659778,0.008444503051619678
0.1671990401250497,0.10535091891584386,0.040810833471099456,0.8132685795220369,0.6839291949877023,0.674852676050592,0.037305365037789806
0.16685551417942962,0.10567889006597034,0.22486061343015595,0.7688527076200393,0.53590730884804,0.7243235190144685,0.06059072075405382
0.1688154265634151,0.10660706977722909,0.21484319757698345,0.7785611023057928,0.5245455454956598,0.7300475294229273,0.06486485140624107
0.23592457160646377,0.13939543445443625,0.7845977933468672,0.8852336226091393,0.45467136708957573,0.8668933114492072,0.1560243477732992
0.2260323695053817,0.13485849356073717,0.8005898915468822,0.8463057399395417,0.36267988240247734,0.8802367337457525,0.15905154599631927
0.20205497548646512,0.12265358865274462,0.7753047915303588,0.7584744332059757,0.9567429232820355,0.6721232678080313,0.0325903545798924
0.11568985957097082,0.0828624765800544,0.7583037495656264,0.4572808779442781,0.10477034157469854,0.7970394295146195,0.067516340609769
0.10759733368234331,0.07885357042904331,0.823739987417881,0.4095778041273457,0.3099170012824816,0.7281892542404322,0.023842154963594805
0.09604666977470988,0.07340813552443218,0.8049213671618871,0.3725238695566615,0.2680068972498171,0.7232916824243846,0.016750781864815212
0.1399538862129888,0.09321046023197647,0.39293561326779647,0.6299828241565173,0.5269006218583754,0.6949579334098598,0.0288828099706901
0.13304385417393655,0.08994579821347894,0.40609825033364866,0.6014979035565171,0.5354147310174786,0.6831468846675921,0.019056019409603858
0.1360202069334467,0.09135276539838519,0.41440926722105287,0.6101895065329545,0.5474393051180466,0.6841802430028718,0.02067156688616541
0.18149819273625314,0.11357974952406816,0.7514635294170933,0.6951129061554165,0.4376706721016304,0.7932854585634768,0.09283744345564005
0.1650154712997362,0.1060614119934975,0.9949207240895228,0.5750058589222284,0.5062317527794736,0.7589167654814664,0.060822433468416925
0.15088399107667314,0.09920454238780907,0.9258954831614802,0.5398708170602714,0.5451573172872967,0.7249350009537593,0.0374968179763302
0.1354639660290774,0.09177585392916028,0.8683046946126314,0.49742466743033753,0.5688428513437717,0.6939873335097354,0.015070582291818638
0.14267532261288524,0.0949151904063538,0.7968908487451323,0.5397453071882257,0.6904139736905466,0.6661599103995559,0.0041102097546307885
0.16283659236763526,0.10479813017639564,0.7255157630316159,0.6342376710302539,0.36319605592606474,0.787508883583028,0.08247574252060651
0.19349484282704615,0.11922080768449544,0.8168419368795162,0.7217277768491626,0.5453338458847673,0.7813834498575433,0.08954125874095871
0.17093098740412851,0.10894670360699846,0.9883657643090402,0.5989240636331519,0.4376380713106987,0.7870666806727312,0.07927454533698089
0.1655557867367078,0.1063421840344311,0.97677315056294,0.5818305472072525,0.46682566103311834,0.7704941480544787,0.06799781291443369
0.12660980506662006,0.08749958147174733,0.7928674617324802,0.483825999770854,0.5410574942148644,0.6867053647607269,0.009113023369787324
0.18263954030571294,0.11360474177391987,0.062049478504027145,0.8717881252569077,0.01608628463118067,0.8921853114740746,0.16551490644429664
0.19165970495145995,0.1179880769229262,0.1198131529701754,0.8907554230981147,0.0023346250014371845,0.9111513351057338,0.17854140176522026
0.2208135372727304,0.13169364511902792,0.20437113976671553,0.974461742477734,0.179797054689711,0.9039996707882016,0.18456830955369544
0.221709200122932,0.13216951443056124,0.2211562491799155,0.9738452091167894,0.16130633562560556,0.9112829272083027,0.18863595491102658
0.2192050583463707,0.13119503243773364,0.3127163174721003,0.9429815329015837,0.11141979847586703,0.9256573726749486,0.1934918430636342
0.21969785556953,0.13140131688227238,0.35189752734562463,0.9345103380219071,0.17708720006383916,0.908675607187805,0.18319817639374752
0.2329079109250035,0.13774616922589206,0.4135830934994085,0.9675504414493266,0.1853151297836194,0.9273356439478874,0.19769457460542483
0.23826062805228174,0.14027455687266507,0.42506527929512555,0.9840539576178451,0.20432815713253058,0.9298267245525981,0.20103920761743677
0.22829560006299482,0.13564424195327432,0.3875492077794344,0.9580959045858024,0.09352104156107585,0.9465649080492848,0.2072307010188909
0.2295477423135079,0.136231540490661,0.38808526611734145,0.9624736136293449,0.0985359966409796,0.9469025904008873,0.20792676244300265
0.18063337286533748,0.11331581551167391,0.8746980205431524,0.6615623986751229,0.47346000205649696,0.7861984232495942,0.0855335649831008
0.2078978641409145,0.1261725358414096,0.766551238782743,0.7881638660819141,0.3925051344145223,0.8445165721791198,0.13224930474565877
0.21313871785066033,0.12846958109944775,0.6021840086890731,0.8478800028587866,0.33851682225589524,0.8615989231137815,0.14797906321055632
0.21991324860863518,0.13176168080921163,0.6484044658092522,0.8613980597780446,0.33147078128690044,0.8749920869248312,0.15721540008446466
0.20390175292202317,0.12436815944037355,0.6408013624027696,0.8065646300834314,0.18053728706304883,0.8959410668508191,0.16255360197849628
0.16071313336611243,0.10291922032989197,0.4660429461530073,0.6858673928541863,0.7054807548405587,0.6751282650819952,0.02457034782957901
0.130449323033177,0.09020437379220474,0.9763538420048657,0.45803627905203725,0.10087399055580906,0.827233260309629,0.08539471399751865
0.1309109116372093,0.09041004837375992,0.9495926957836386,0.4664726055899273,0.07934220449461221,0.8331708372442659,0.08956989437449729
0.2151579823528063,0.12932430189660726,0.5532050622954912,0.8669609411988396,0.35678975730206675,0.8573268412266316,0.14758650362967124
0.1800179756676897,0.11284522618844568,0.5335801048302984,0.7453028013749258,0.20864026284253567,0.8498395575880089,0.12928190253082153
0.15116186954860883,0.09923613474862383,0.5034633307925896,0.6483597789567563,0.12743504734980954,0.8313845439373309,0.10766002472846876
0.14301065566306825,0.0956862048838829,0.6465447196468364,0.5845248520471115,0.06365206993735611,0.8436954295421815,0.10777829866405834
0.1393520347007034,0.0939279725093804,0.6404484415184205,0.5725492243245082,0.07488263963821148,0.8349983690352658,0.10151354917889827
0.1289117235990252,0.08933697439561786,0.9101444065756896,0.46826776755460175,0.12635078353214507,0.8151691128347973,0.07955606765853411
0.16022844848318718,0.10425041833995638,0.8666151610061755,0.5941943092754208,0.01959835942533086,0.8891588077239906,0.1352210123544348
0.16201873542699807,0.10407378019980433,0.37601722392954845,0.7180957225455622,0.20512096848437378,0.8194466849206146,0.10849774243004262
0.22262501577681965,0.13256936616323634,0.7575992084726015,0.8393804331081508,0.8106862034001915,0.7432541399575907,0.0815734554918448
0.24140008041642463,0.1417522629404678,0.8043652285758329,0.8981788361337626,0.652889432603843,0.8176467309771869,0.1301016858777916
0.15707989327950514,0.10135579444658777,0.44476642133172684,0.6793731334314909,0.5641391045723048,0.710363009059309,0.043406370412223505
0.16687618417358518,0.10587458654517112,0.40292673255663136,0.724801349653181,0.6059080845851448,0.7105592376241014,0.048580073903883476
0.19604078636612918,0.11952434693603865,0.10620010230790863,0.9057950811079274,0.3846333832958828,0.805471520334294,0.12120392640692748
0.18046262914377242,0.11201340223251377,0.046285787127998274,0.8633081429385286,0.4110291617950644,0.7734232400521559,0.09814845579622644
0.15248112293306765,0.09853762452184986,0.0047890838866858215,0.7701680535441345,0.5240259077069085,0.6991994092950071,0.04577379413362184
0.1452104129436203,0.09513733376248978,0.051700623143673845,0.7320053506026937,0.545791570712862,0.6842661471099813,0.033230548190425556
0.1913779046898172,0.11688073877446298,0.2171520119979178,0.8567973998269094,0.8343666575759272,0.6719112643147799,0.041438250502588085
0.19869938450167535,0.12079317941451224,0.08546170070675416,0.9208773787004838,0.3536918164254225,0.8174961007106689,0.12957094166406685
0.18789898873664346,0.1158721823890983,0.1211153086378147,0.8739775066771096,0.2504559271911049,0.8335548749084015,0.1332783423767839
0.19523473055702628,0.11955872983358183,0.1165685340826962,0.9036089261674412,0.08945020015028705,0.8907256198503049,0.16860451777840177
0.22035083297258076,0.13156863393377594,0.2748533293539728,0.9554779777229973,0.19228003821502826,0.9023188325433339,0.18173949032513004
0.23408522600612539,0.13817609553758783,0.3715567118355285,0.9815681507477207,0.23078774569297114,0.914199274855697,0.19179724793380698
0.2359370065189476,0.13897094525019385,0.34957783742032844,0.9932763990638788,0.2661019651858402,0.9057248710879527,0.18832229703592346
0.2150182366780362,0.12929543910942046,0.4166203661627001,0.9017727066076041,0.17028373339343283,0.9064094428831815,0.17843068604971846
0.19809250869789757,0.12137022306329703,0.5631609757254203,0.8032831665925729,0.27145766724863063,0.858313583273707,0.1408313650311498
0.20746431699136306,0.12593803795183842,0.6361544563064757,0.8197742254940003,0.2622349130605338,0.8770243988952842,0.1534945325590916
0.21534462743402155,0.12932689804266706,0.4602060029446663,0.8907796210204637,0.31192062732820225,0.8672174724025031,0.15546186928939196
0.18447029747881316,0.1146662091246778,0.30809455445240763,0.8169739748649086,0.15915824188796895,0.862221607071054,0.14350584239374797
0.17846501244330912,0.11179954286374884,0.30769822316291984,0.7950115775681986,0.1745243438304516,0.8491965695701333,0.13369601332819175
0.11047313201146959,0.0787781224000851,0.0020507178781968838,0.618931254170111,0.4150631892234762,0.6711610811969113,0.012651366304606837
0.14942853252971888,0.0975480223084117,0.1374527046356177,0.7287725828616289,0.34134255108127176,0.7530153562802695,0.07161500020403
0.16201319150315552,0.10369316732617893,0.18305898251260394,0.7644465911570879,0.25956303228190947,0.7964181324338956,0.10016393167495694
0.16203973150239667,0.1037051049991055,0.18352904637618472,0.7644176039362006,0.2605799116360904,0.7961769629561631,0.10002791439543984
0.15652500875669023,0.10105753885077286,0.1885487000183102,0.7427456547071328,0.29208092013414955,0.7793481939832538,0.08815057586101148
0.1577578283047983,0.10140571699323589,0.2978428858597688,0.7172877151232534,0.5933886454088159,0.697353922869058,0.039890516880896495
0.22289586678183604,0.13305247977522489,0.5895358681585054,0.8863589543732115,0.35325205984473174,0.8706997004987829,0.1574478892583685
0.17886898764319356,0.11218404594087741,0.4629149596742165,0.7582740263151799,0.21262020687506344,0.8444263914887434,0.1274545515796296
0.15129377088672538,0.09950800778936611,0.5293767917378686,0.6439123874397191,0.003050925604733652,0.8687779401237775,0.12813898905625298
0.1721262747205419,0.10925552230670195,0.5201252272101642,0.7212108465847452,0.08280496011623176,0.8747952019544329,0.1403802678669447
0.25399404105154055,0.14768610791571657,0.7648143150974778,0.9539509456562814,0.6312230748614659,0.8403877037088563,0.14906858883674795
0.2394493249805493,0.14105869384671016,0.9880912914788773,0.8458576502857109,0.6964334992693092,0.8090005753464901,0.12001894043556358
0.18673190217144925,0.11584064352721256,0.9351491915585632,0.6653068823843419,0.8128893144063569,0.6981977489891451,0.037081078209277016
0.17507031722580535,0.1106401642169208,0.9490098407177742,0.6219078905349676,0.5894224732433229,0.7472592920826013,0.059529364214036956
0.21992471124353286,0.13227244711473904,0.8372906085360752,0.8171558499175016,0.17829619641155603,0.9266481662542653,0.18176173101961232
0.17447822230073345,0.11005156891677684,0.3298437066948383,0.7759573195436301,0.09628959687056464,0.8671503986881643,0.14161753977114377
0.20525528337560295,0.12438203483376023,0.3045951476331397,0.8925494419560989,0.2523781753148231,0.8644607979776515,0.15346301743306348
0.14037394976805373,0.09407880311850837,0.3966340708462777,0.6360483496845545,0.03719102638200757,0.838390799939508,0.10969613983947062
0.21540964833359777,0.12914653171251278,0.4252937811618879,0.8982370274728695,0.42715596685457197,0.8324360341607012,0.13675049339062287
0.15915080839672263,0.10183659145211732,0.10297535102997235,0.770445025350595,0.5357193862137878,0.7089103386651441,0.051647419488463214
0.16069208751010158,0.10246479205134966,0.060517426738999736,0.786111565286383,0.5616229491140785,0.7019774309425557,0.04940274732033267
0.14780947953809986,0.09641052753114339,0.1324075467665202,0.7211306452456443,0.6088633655355933,0.6725735933334908,0.025790282743134822
0.14416449930185937,0.0950750864099141,0.4119170240381423,0.6393963805164948,0.6451644544285018,0.6671831961403547,0.014539805614812705
0.153577620309179,0.10063946049502565,0.85828156447234,0.5683224243161065,0.3493332240412318,0.783316725700315,0.07309410889232443
0.1129323154520366,0.08060750313410246,0.49613019356329247,0.5066722144180095,0.49974258734493765,0.6683048130610234,2.0850617266891802E-4
0.0846116695871257,0.06705862483967989,0.07328650716545557,0.510776477473998,0.10433245400143622,0.7276026366350103,0.031992560078742974
0.09434291800268746,0.07170243334310454,0.03134961022222825,0.5572690121965068,0.03097138273872606,0.7612511436162653,0.05596951431146914
0.2235175704845518,0.1328815670797898,0.34857235410365217,0.9465862158681428,0.41639939210879057,0.8442452702839888,0.14859759748824375
0.20079342278303564,0.12254399247663618,0.48160114955387534,0.8331691218677689,0.2547010157616683,0.864009100316238,0.14711301481409245
0.16217270093883834,0.10353419128244455,0.3483494165376607,0.7207324450953252,0.6250246781031508,0.6962815250581518,0.03990459830147722
0.20167245423965247,0.12256126885724333,0.44693885010890944,0.8419892425322172,0.5090042150682321,0.7898698812324125,0.10658130276224291
0.12745273997523926,0.08712310594694764,0.050519050985102176,0.6708535183492292,0.24983705678059426,0.745230573628821,0.060212898743522
0.1272187926804757,0.08701447926404439,0.04982891310526157,0.6701958800575107,0.24739957921039973,0.7455828368245021,0.06033077685954901
0.16034054940126935,0.1027266803770203,0.17608115429791293,0.7587135403701184,0.37987771376316337,0.7587236511361737,0.07842273462807613
0.16483643470705467,0.10436877916148303,0.016602592682651518,0.8119874218338736,0.5544714060721274,0.7083211993131151,0.055744178306294453
0.1667670664091196,0.10550227310912698,0.1683190453861052,0.7819220090995165,0.5695388459724837,0.7123007460717247,0.055143905803351094
0.18065797351763324,0.11197322989605918,0.1369559624523638,0.8396885299404551,0.6145011656294034,0.7177729356574404,0.064732441830305
0.16757164730527993,0.10570841054322797,0.08701767128878696,0.8042632291421155,0.6041397016863391,0.7003460921796069,0.05069954102417222
0.1989436746611552,0.12071643148912922,0.2467495010244759,0.8788428971181741,0.6834519123490721,0.7277347507092322,0.07528225692359301
0.19435343040469746,0.11851678926906448,0.28456471141774886,0.8522142249434532,0.7457957915847011,0.7044484330354477,0.05936666352681699
0.17086012082388033,0.10710329843028665,0.14756218682907862,0.7993914938199186,0.7950091108055077,0.651645739459711,0.02319968844793696
0.1637880784771364,0.10365887031348348,0.13117209662285975,0.7770485171980843,0.8451612476507588,0.6263753217648249,0.006439507795292704
0.19512951916502438,0.11846003344546831,9.582585380837993E-4,0.9242721834557789,0.7290506851998033,0.699912042521954,0.0639395479733348
0.13615439738213023,0.09256063251840375,0.8827936842808151,0.4999755819472443,0.24791262570630657,0.7890231286301993,0.06849783824970211
0.14755293755221235,0.09783634145884668,0.9463402095517843,0.5242085968011981,0.41394659683966645,0.7591943929624918,0.05490809948790945
0.13730241249936959,0.09285908851544726,0.8809965257119686,0.5026100329585689,0.42698886566382854,0.7384057671642988,0.0405278182878018
0.1319949566186037,0.09031184460122964,0.8616080608301071,0.48796824903276065,0.4285203814637955,0.7296991911137817,0.03389338059613589
0.13153870026148784,0.09007928545578624,0.8553319998186002,0.48777994714331685,0.43331497717730444,0.7274210193539692,0.032572677448300315
0.19262118200743,0.11886445505495723,0.43541275596406537,0.8167991891859568,0.058976062309127136,0.9077175776547216,0.16943511074554746
0.18606924316671408,0.11558637557501418,0.46685718312560004,0.7834330625881393,0.22388990268487632,0.8515193064039883,0.13433571668717975
0.20027134224490717,0.12230305552520848,0.39588018825865584,0.8532944300980646,0.15021233254390146,0.8905354868805905,0.1638831404187575
0.1637668645715101,0.10526012814651724,0.42748122081505535,0.7142073079899516,6.962847058286098E-4,0.8834075697831365,0.14398633639515085
0.18348314497782214,0.11380304515874129,0.15754278065199012,0.84873243063158,0.2758483115655815,0.8212323628949625,0.12363904731885265
0.2205535783227764,0.1314318884663324,0.3106163203363786,0.9451417056753949,0.4057243058609433,0.8417367505387526,0.14686817514824627
0.2328469252464656,0.13706620366145145,0.300560241457677,0.9909698789497384,0.5343351663909124,0.821354507223231,0.14073190431238097
0.19781130318779683,0.12086981022611683,0.6581095651818417,0.7749092699626382,0.6529568415739078,0.7502686475850769,0.07762607330339294
0.21433114265738487,0.1286107080900816,0.8057729757749829,0.7965619371362979,0.8882481996159234,0.7106551465683937,0.05863318036284532
0.2129113558703076,0.12791255127199838,0.7902719776532946,0.7951521827324984,0.8890170963048323,0.7078388506993918,0.05683166724401753
0.23001852861050948,0.13621447599381897,0.9439294016192027,0.8197250843773856,0.9225868260460339,0.7280628215377174,0.07161653246086838
0.2765651921254518,0.15922656615460903,0.9860089315164173,0.9864476940859079,0.2637988472027701,0.9877277016492148,0.23604165853282533
0.27530821796448446,0.15863159989990439,0.9913660251359783,0.9804975339388411,0.26961135063446245,0.9844466568534272,0.23354559594954583
0.26412859961044377,0.1531511111825631,0.9408103842078216,0.9512050556670041,0.34639370071091424,0.9443128466597804,0.20753750234784651
0.2666712199313688,0.15428407119948084,0.907422283066462,0.9684446722473163,0.36046009882856006,0.9425883906967937,0.20842161993446884
0.21667349888278403,0.1302520080620393,0.9295515985464639,0.7777211212075589,0.6399803677940442,0.7909180618069326,0.10180822155292572
0.21349932281441425,0.1287271815012998,0.9219592771873623,0.7679265526528978,0.6466044893535043,0.7841961440928756,0.09689177694485476
0.22134220746722677,0.13249242556189592,0.9196302009079105,0.797514343480175,0.6074389553536731,0.806666123536998,0.11284434075147178
0.2532704926281545,0.1474212249622887,0.703352395913079,0.9677085558837696,0.5021865089327017,0.8746806887830755,0.16954444623269568
0.19525874402669843,0.12020236682597236,0.5548064769678921,0.7965276737321972,0.1327614680241523,0.8943926670927179,0.1601638595003648
0.1996186109080891,0.1219766949104992,0.8205898849404081,0.7418955538689559,0.6570643235127481,0.7576658579942557,0.07863999890239434
0.12495980845629832,0.08769842240576878,0.9592201157469044,0.44319768098371315,0.010887620231358364,0.8450194653564822,0.09354160965389188
0.1250997182836398,0.08776119450701952,0.9822813373245366,0.43776680317720534,0.04031809026821949,0.8374976797116438,0.08881281440070932
0.12610835386958488,0.08824637222380813,0.9852301292931926,0.4407469618660199,0.038361639641166,0.8396102867860378,0.09034905974373876
0.13398804990145877,0.09194399212315471,0.988371540203377,0.4683697067595752,0.06834669110074201,0.8421853403645639,0.09498820906112965
0.1657679170923608,0.10690394105506092,0.9670651493741355,0.5888707437698233,0.11508744381648972,0.8729301972211746,0.12597248957143875
0.17216408482262135,0.10986227678830589,0.9465409604429131,0.6168549941296539,0.14440575183267357,0.8727139113840483,0.1289936496738255
0.16340155508592558,0.10561837019667884,0.9147889468796947,0.5923005594516482,0.17561021042291322,0.8499930330813414,0.1133364865464139
0.10663191104313657,0.07861746136464895,0.9607797014916142,0.3727398253941163,0.3060541808458346,0.733025722228708,0.022876242110711098
0.09538707971054035,0.07329062486538476,0.9170750662947875,0.34296500792408485,0.25459684971981095,0.7304217255839149,0.017799571935683708
0.09411081900438288,0.07276929030990764,0.9268757249695894,0.33648337449411964,0.2044898224810669,0.7435727440820771,0.024437325456223104
0.09452689582695592,0.0730949743832631,0.9649757129042187,0.329285510596902,0.15394404511119178,0.7603057863512523,0.0331134383778401
0.12191350400833631,0.08588132122585064,0.9251654607477239,0.4377627757247851,0.24715571611549073,0.7705807225266067,0.051200147485918085
0.13466182039794938,0.09184626000386303,0.9068970085592334,0.4882971191197343,0.2812826584903346,0.778072471631194,0.06113770204052594
0.14430568959337803,0.09644024319264755,0.9462880080709111,0.5135527225390499,0.3087805916359938,0.7852233655620937,0.0682135773214111
0.16806460596007852,0.10766953688415254,0.7125884215422542,0.65983807694282,0.05702086763063769,0.8836756247046342,0.13907761393628074
0.1016373314021475,0.07542685921553005,0.32693537504124626,0.510277721484454,0.17681483443333543,0.7400803829394603,0.039984790583295016
0.08461348709479241,0.06710790838731336,0.2281142717821052,0.47148770502355264,0.2487630479628028,0.6912612280355375,0.007824618742919703
0.11766272810540934,0.08275872438285176,0.13689148780115526,0.615272110605012,0.14811844129625312,0.7641639347503099,0.06473999903982935
0.1812571706585004,0.11235793636215163,0.1257938624692268,0.845559859856815,0.5271025101994592,0.7436778470785419,0.07982855120637375
0.17954877967059463,0.11157482791978454,0.10577974271221745,0.8446793685294803,0.4843980178453695,0.7529520171806023,0.08482057752676721
0.15530313950641944,0.10054235070334991,0.23006018269152562,0.7281720609167651,0.2933589217143705,0.7787792726718237,0.08632807599913589
0.15504797439912565,0.10072476763686111,0.22927150311777003,0.7299287118230062,0.0685736493532637,0.84388872921987,0.12288667217290322
0.1476321478562487,0.0971148972823817,0.18810161050004537,0.7126643214527673,0.09178091875843393,0.8250623866008028,0.11020547281034684
0.23574003639985058,0.13912970396712482,0.5808989552159461,0.9353212647814022,0.34923057319565315,0.8898011190805806,0.1737283210549931
0.2514056814591436,0.14655047012811706,0.6045063277859959,0.9863566127525154,0.3777378493890641,0.9046286709282394,0.18799884379693438
0.18896878710570889,0.11718358467674395,0.5514312391225558,0.7741501350707971,0.157387206687314,0.8781544540653359,0.14849907508670113
0.15374418896783076,0.10040616707877423,0.6464925502872428,0.6206669016052277,0.3333151698241192,0.7803660305785719,0.0765837957373548
0.1975874521956747,0.12157144665060521,0.8408695630177112,0.7338565932422754,0.26948865607226113,0.8684695293791007,0.13967513941544413
0.1781121443079688,0.11209948285323333,0.7303915937913088,0.6891890239394608,0.3216299517501944,0.8215064579776715,0.10782345915965384
0.22044227392067614,0.1314999492700437,0.18506447966273487,0.9779122739250325,0.1704653565887334,0.905475306066018,0.18570821248883201
0.20318348009113202,0.1235234843357769,0.19552101813117798,0.9139684235514889,0.03463601070951254,0.9209205713570907,0.18699861226469766
0.1883162303899995,0.11600155590157184,0.5406856379230699,0.7673766299705679,0.7891203554471532,0.6927449485456039,0.04413286663795074
0.20584422641642414,0.12412384147373386,0.5530935224990967,0.8265898060201788,0.9380672420160424,0.6747078095527599,0.04094666114265845
0.2196469557163242,0.13103620654554674,0.6982103183247874,0.8427500095259537,0.8317663075144509,0.7306774201321039,0.07468577391862831
0.1973482845469443,0.12027385656441769,0.700054370641892,0.7593838767650747,0.9797146134065966,0.6559509070026761,0.02334319337797422
0.17194006829980837,0.1083409136115919,0.6847479723545161,0.6715598888509409,0.8843127096935757,0.6470810369054432,0.008189504562036092
0.18436527762939225,0.11435666254042391,0.7869978225702854,0.6916903291884794,0.9081946213071653,0.6615688895718379,0.019039207281190528
0.15448603840407463,0.10069600652200919,0.9716920905651258,0.5394969510882306,0.7572381869745937,0.669952308010277,0.006944872038129111
0.23754951812980007,0.1401392051339329,0.7265490267103928,0.905823985541842,0.4063900487041474,0.8811181329296406,0.16609657013598883
0.19537343282454622,0.12025117812509976,0.8675449651220684,0.7167259942269251,0.5007686269373653,0.798919259387937,0.0989728499782167
0.25088949794143967,0.146288208647333,0.950284258861081,0.8956857033481084,0.7931778258684101,0.7956625823927096,0.11815964999407891
0.25075887791406687,0.14617390210541548,0.9396547518192574,0.8975052295544028,0.8194990142322514,0.787412897283802,0.11371740244420342
0.18643118910545103,0.11521546241803102,0.39339231295484434,0.799143008449158,0.5387333677154833,0.7575651248027464,0.08336830208141983
0.09674682658982352,0.07329279169483939,0.4988760747022998,0.44987232048185766,0.2418399441078844,0.7205606559148063,0.02284667945387143
0.09638878498870818,0.07313774577531838,0.48264309810079453,0.4528483455768016,0.21218184474824098,0.7280920840947345,0.027326683543953442
0.2721766390821917,0.1565058942650253,0.9825315874951444,0.9660893766071368,0.7331826671381537,0.844587149821262,0.15374307349424984
0.27788063399535473,0.15920813562370337,0.947028523605583,0.9959793090053285,0.6920410030371658,0.8633635020101691,0.16752637727310898
0.2713232494694732,0.15611518465933483,0.9719023186140187,0.9658153702568018,0.7107647845191118,0.849512824041296,0.1564167750862287
0.2629342573406386,0.152100818369224,0.9841677407453565,0.9317685618791328,0.7543956379360572,0.8253342499246539,0.13903786927529188
0.24968786014010907,0.14579230998954276,0.9887475047885806,0.8820467927867226,0.7837462469170252,0.798130069008251,0.11812764388731256
0.26069308095344534,0.1506814507739255,0.867805494063215,0.9505021205384182,0.88287175923446,0.7803968448276124,0.11560899386770931
0.24590652122532916,0.1437237222440852,0.5193577748125381,0.9863290132041247,0.442004288978182,0.8749301300263773,0.17104787070779148
0.2011192147592793,0.12262807464514013,0.3721550298502298,0.861838838203143,0.17920813679356243,0.8824110456584817,0.1602310543000515
0.18508535371227774,0.11419766404847911,0.28984463559738616,0.8176693950999913,0.6988251690654869,0.7051625120581537,0.055801357767761905
0.1732194121851376,0.10858435231572881,0.12386354131501587,0.817041707036662,0.49932118592296915,0.7402809700185183,0.07463230114834055
0.1692184430934695,0.1069274206001785,0.24919466604330154,0.7722836153500172,0.4690069674098788,0.7480778638504886,0.07435564162836775
0.17041751148984685,0.10880113883696038,0.7063463243528378,0.6701521361347509,0.03733715128516906,0.8925230227636965,0.14518194316859998
0.1346090081796632,0.09167700529165054,0.8757669240369941,0.4949037620323114,0.35151262059430355,0.7563782155854123,0.04965258378729359
0.21933806320149185,0.13122390958235447,0.7295401627022733,0.8363286573304939,0.6216671493968449,0.79262230855394,0.10867038850040292
0.15989977935485483,0.10306698799077504,0.5163393960177446,0.6743756784401957,0.3705219407474871,0.7734432796360888,0.07836097831235286
0.159513873453377,0.10288643591201133,0.5167160190072213,0.6728912743477475,0.3692737800068776,0.7732726330879199,0.07809598480395769
0.12693647831011012,0.08794715045155872,0.6550875071714798,0.5227366618742544,0.16461894490836723,0.7917517114290071,0.07167710840922956
0.14807603239599224,0.09822639659604007,0.7931180427507003,0.5665605833974969,0.13067513395998906,0.8367986937717143,0.10247893386269652
0.07466055099170574,0.0636436153248625,0.965138172969648,0.2565149700120043,0.18288506555381878,0.7236510341359197,0.004246961376151326
0.11784798831789702,0.08374026085843163,0.5915234525504243,0.5067178074084339,0.017497065193764642,0.8193511948724435,0.08496982724637836
0.10579291069128607,0.07744251924507559,0.4689566966429393,0.48939860551758235,0.30753801718644685,0.713160230520832,0.023147901788814353
0.1118183225345882,0.08007384705257763,0.48547114692688426,0.5052964479465158,0.491665024473176,0.6686804042696518,2.1401971848195034E-4
0.1586320154263699,0.10271725958865996,0.5523122932817006,0.6625881307466612,0.22718328310113678,0.8147442753978836,0.10021789791400101
0.15976262246167897,0.1027838848398322,0.5095924719923897,0.673818739691061,0.523660699690372,0.728374322529936,0.05309995985428145
0.2010481877050816,0.12232694131904867,0.23811217958312267,0.893752504828747,0.22064776716443368,0.8652633778103564,0.15376649247909135
0.16482860480845182,0.10515853097265487,0.14164702829567263,0.7864016349517472,0.11434538220969405,0.8411982338457142,0.12752765991501933
0.1528643534860285,0.09954492413905508,0.12096375198582152,0.7485458201455163,0.04976143481473079,0.8422508908043037,0.12365859552200316
0.08350775207804288,0.06629987384117363,0.06583709697669445,0.5067316878728505,0.26965119365446,0.6775847998740694,0.0035624205821668253
0.08383879175277774,0.0664492261780178,0.060002167473552144,0.5093727837147483,0.2683892331444787,0.6782064842917566,0.004189494795353938
0.09399801032716588,0.07120389616692786,0.09767151878723375,0.536264326089473,0.3554976791523635,0.6686555750777847,0.0021199904706106403
0.12510003746322726,0.08661813063668261,0.31666007544672464,0.5990439335121471,0.10953088063234012,0.7926429624224942,0.07953753842056219
0.14926308212860556,0.09765825513870754,0.3159150743754419,0.6839635217196466,0.4097985842842572,0.7394514481413467,0.059630496799701393
0.17995984119576544,0.11256172769510871,0.2592664711430933,0.8133180500537304,0.07834188729216329,0.8775513351128905,0.1514363034733838
0.17828178872632222,0.11261794047036103,0.7534129071065637,0.6874940026555678,0.025079650925888545,0.9090145496355023,0.1565933958668202
0.24113484797954146,0.142409756217897,0.9638854881247798,0.8627321378297711,0.2604879901966842,0.9375299918630707,0.19363807868221694
0.14502507274531679,0.09688884291041064,0.7531358491150594,0.5665744807975928,0.004473245245927858,0.8677553690666048,0.11959722757496437
0.16829900924638422,0.1079978842017674,0.8776268956082878,0.6201626431833103,0.08869556654603741,0.8808998747000781,0.13365275372267127
0.1789092352365568,0.11294095417924066,0.7812942755245542,0.6828440389807464,0.038527923313198965,0.9070213925909737,0.15506264448205964
0.1644178027518903,0.1058063252890661,0.6150921280796128,0.6704312856469563,0.043506543689693256,0.8788159962512011,0.1371705107790292
0.1293692790952801,0.0892239980667573,0.7333173759583274,0.512566160027747,0.1639695528718235,0.7982990688740998,0.07449330499003083
0.1533830726326103,0.10064040320787598,0.7973296760071328,0.5840018532525083,0.20967703562946655,0.8214747719083156,0.09595230164785222
0.14887566857906848,0.0985297694232307,0.7693711345546436,0.5749446436033607,0.1587544524088463,0.8288719674912466,0.09891866074345533
0.11027665318454732,0.0796083354066161,0.5646304017452726,0.4815537837303858,0.38825622754485245,0.699558580162876,0.015055026675159067
0.20639094404344985,0.12587598883101642,0.902669567146126,0.7511948617800643,0.24282071599986466,0.8910411277175941,0.1545443242687801
0.14369109441860198,0.0959789453472911,0.7762551145782373,0.5535092547189292,0.2364719502290567,0.7991141965908908,0.07985659855651119
0.1503609053001712,0.09934007185762621,0.7595623464724864,0.5837460439163596,0.06864793735191543,0.8568750755336256,0.11553038313525664
0.13248676273242302,0.09091011736174265,0.8657030294911585,0.49170296957807214,0.1636933208818824,0.8077190945510934,0.07791069446841475
0.13156369152085473,0.09048111845530124,0.9203647283010038,0.4743936164915765,0.22114678476324703,0.7916932102746603,0.06719689387064592
0.12889727250697083,0.08918963101646048,0.9087667289638045,0.4674174339219457,0.22844534660149285,0.7853476566968475,0.06279879027407939
0.23412873975400808,0.1384538383680341,0.8924852642125339,0.8502863812616956,0.6472027453057068,0.81224040844322,0.12193150033253042
0.21484397976450964,0.12973510670379804,0.9763153969177533,0.7619304428580176,0.4361444715391787,0.8494496766984316,0.13287132717269565
0.21270278176131044,0.1287367786669664,0.9785335691992811,0.7536896733528834,0.42681129899926906,0.849209217372901,0.13179549484320374
0.21014580058594368,0.1275346248247885,0.9659137404207625,0.7476813709204037,0.4052550079996696,0.8513894173688197,0.13226578764287858
0.2024895712948615,0.12393061843959072,0.9962553408869352,0.7121888972248154,0.42328384610944314,0.8363827185221673,0.11991901511036442
0.19396661841511686,0.1197694101603235,0.9055017469296984,0.7033811057983265,0.4085694502054631,0.8251944818381729,0.11226762834386632
0.13927047435503692,0.09342709746202114,0.6955876145284057,0.5543300550349762,0.48021183016891805,0.7188166868557311,0.03476653674370238
0.1283122338263285,0.08810912880669453,0.5972931452996488,0.5385550103198022,0.45890270110531695,0.7058102114853256,0.02526358020241788
0.15003569746810685,0.09884946863176897,0.7219523736519209,0.5894459372166505,0.2732636103712074,0.7953941506411595,0.08169481740643145
0.19695110913466446,0.12127231794966518,0.7076655691275789,0.7657050811396026,0.11273828780171416,0.9083012715528803,0.16502578773544668
0.17583773546198855,0.11150365702227202,0.7860753569393669,0.6705701323936123,0.030852156080878507,0.9050711896552637,0.15257752895691107
0.23380416405921306,0.1387740493993682,0.9449367628324741,0.839539339765807,0.35839670480436053,0.8978811623646817,0.16873954080739623
0.13250495476179253,0.08960943901554894,0.3286735670404153,0.6187186975301149,0.5051280796555666,0.6883349828346389,0.023610344144060685
0.20864974403031383,0.12534981322070154,0.3283910193447346,0.8935750912501461,0.7527876409179223,0.7243497162931586,0.07544028859615541
0.19011656374387004,0.11730757050416782,0.9009785535573971,0.6852839491940426,0.8740060556129201,0.6839304755986035,0.03127345237730199
0.19905418448418175,0.12155845531533604,0.9294938890383047,0.7106839742571778,0.8951126061279011,0.6915369348253185,0.03857401228213473
0.2015634695253246,0.12296937758728738,0.9620219794947897,0.7133098830857902,0.7690690439428434,0.7330371659929852,0.06219086068960808
0.22104770168464494,0.13237241496411012,0.9981373092404736,0.7764745453435902,0.684387262631878,0.7867370447463848,0.09962206399482802
0.2284104220710066,0.1363919595110707,0.8467158656095956,0.8464804292689917,0.11612194011836113,0.9571720924007842,0.2022316370129145
0.14799689490335632,0.09773621025253451,0.7820199156360979,0.5654091585161112,0.4518833345356603,0.7426762300883714,0.049737679660841166
0.17922057474021952,0.11266912475527927,0.9470372839095778,0.6380536148613327,0.5409048118448065,0.7672209088238274,0.0725314376536504
0.20160532285989324,0.12265874501346784,0.7456721053359654,0.7662195288949851,0.7612140990174918,0.7273614230595744,0.0642045626086617
0.22058880823644758,0.13126024479846143,0.5785552374512231,0.875037908391223,0.8565262414376915,0.7203629220959232,0.07214162751914358
0.14807790956925576,0.09745181571975792,0.4613005675317832,0.645280905686261,0.3169041979230154,0.7702285498381036,0.07297339413602565
0.18910837339866576,0.11709383357573991,0.5234782664376576,0.7805481025429409,0.23991455901224817,0.8532680101151116,0.13522080386697832
0.1896026162596938,0.11732821403436361,0.5556764431407881,0.7740968966389651,0.2772243607174283,0.8442925659198814,0.1296014581567526
0.17861382972599352,0.11209435351594359,0.497474977899008,0.7487396714088368,0.22981050411252632,0.8403364620910565,0.12421770356851503
0.17770227689901047,0.10999415193387468,0.08212021277257175,0.8382329331547255,0.9778233283862063,0.6056692972732873,0.0017282723920573062
0.18024885844867158,0.11120327594981795,0.08707230327825127,0.8462665060250623,0.9816756011983065,0.6083487947306158,0.0041728127804817215
0.1813583267704211,0.11170745576124784,0.07748076142008986,0.852593384628974,0.9863615516912777,0.6082040081354085,0.004781194484537984
0.18484048270050457,0.11332063323588984,0.05484869996789495,0.8707873554213275,0.9870539951310958,0.6121105380764651,0.008965847669410363
0.18100737336329784,0.11149949183975284,0.04200644400761306,0.8600670295224935,0.9758490539244139,0.6094529452960887,0.006189827764264632
0.1928285053502391,0.11718560530546895,0.030863096188608257,0.9067097057831693,0.899833550486768,0.647986482960508,0.033043402865042315
0.1939739930278295,0.11773653901516605,0.034002977355135244,0.9101471955121896,0.8974224016236303,0.6504331231402922,0.03481977568247449
0.20904908023788152,0.12505124943316534,0.08621858508560157,0.9531191430559282,0.8309846961004549,0.6931490821372313,0.06385556157689862
0.21108087995823588,0.12593366052907892,0.02311644207679696,0.9760445995782951,0.8167685444099131,0.6978381540265998,0.06885063653277038
0.10699058079754584,0.07800573607960351,0.30356643194437544,0.5361292068089882,0.11819330253574874,0.7639019507770323,0.056171208258995096
0.10839513421339945,0.07858720512279926,0.32056512729652736,0.536202782314176,0.19996514981439956,0.7427002040708052,0.044412453990407594
0.15564449097669902,0.10063945514904607,0.3670113930653414,0.6937777287250189,0.5004236305416006,0.7240060260165676,0.052355788853169535
0.16002315538263615,0.10295352860246589,0.43712004822776823,0.6937260494898104,0.4052215621720594,0.7605691609743245,0.07306688031447418
0.18849153518240208,0.11689049761451922,0.5560371069050479,0.7706812699196102,0.212177351203927,0.8616816011850206,0.13891942397706283
0.1634007645401859,0.1051132499147315,0.5512656230248251,0.6813569288115503,0.12512745444433415,0.8512197733993152,0.12274851974158449
0.13050487240667327,0.08887997608118539,0.31383976803125224,0.6170184496552629,0.3268549739769902,0.7368908194954893,0.05046602099423775
0.11219122850296476,0.08005066293749556,0.2571239938406145,0.5635581652281564,0.3734556771830045,0.6951867841944128,0.020765743677679388
0.06318473407933295,0.05741820385494923,0.4169581431337041,0.34876279848615055,0.12682521312161174,0.7033497307755044,0.0012177816894608198
0.06072968391097978,0.05630273571057105,0.41860347324860586,0.3397834475347752,0.09353253647175223,0.7096237575302272,0.00369217214730157
0.21947792062325838,0.1308414561904377,0.6086382145730186,0.8641575912539398,0.8121639574102198,0.7328271676326742,0.07797474567174216
0.21919690081107013,0.13071859041805825,0.6101031661036416,0.8628419447383453,0.8062830110620762,0.7341958849441396,0.07859349986960541
0.21718722259553339,0.1296658048737402,0.5424811125716529,0.872028468882481,0.8018634829001907,0.7301202156030588,0.07708926212925003
0.19666549113661821,0.12059554604044073,0.8738688348683302,0.717620591143645,0.7057792763449575,0.7412506092233602,0.06689901233705431
0.1613200185605983,0.10390041879072423,0.9678954704607108,0.5651052069242558,0.7774975151934389,0.6736182381097299,0.011931132821148775
0.15759125859379047,0.10212487011830285,0.9537480436524102,0.555068307029536,0.7676128601685753,0.6706757808886793,0.009069338474400104
0.22070300472009927,0.1327675462975902,0.9969960332956781,0.7800851261408168,0.2708828835963359,0.906697981122002,0.16702395498995765
0.2326347310103709,0.1383851512073143,0.9356526196128869,0.8390099386508135,0.22568923403890317,0.9345454831792949,0.18911339763125362
0.16264930845588477,0.10433652901014837,0.7252312363987514,0.6305737228686794,0.638071744572064,0.7071348724869237,0.03716823729156388
0.20544365663172484,0.1247699495999404,0.7261693563515348,0.7876066560313593,0.5225169098858521,0.8016469965874287,0.10807300837021634
0.19808623454168292,0.12137917360866421,0.7498822280529942,0.7554896302407031,0.4799415089251641,0.8044787757602238,0.10604908826133153
0.16761880027037843,0.10682812832294712,0.3925602681803487,0.735094337844573,0.14974191762209155,0.844154380919718,0.1243275760824996
0.1708696895604027,0.10834959900402207,0.39593035796471765,0.7459257300414441,0.16750738375437596,0.843721702272773,0.1253503067364472
0.17084544071584257,0.10857677695651305,0.4036008367041154,0.7458259078341604,2.782845808572771E-4,0.8927014281088967,0.15272337207346304
0.1520523390824236,0.09955256364633518,0.37108731599886496,0.6846777755887554,0.051231965635391015,0.849945336295835,0.12165161106535137
0.18278862332785742,0.11361528607582304,0.15820826033008745,0.8471877938085934,0.172335118410595,0.8504334272691703,0.13977045262188256
0.1824014012702943,0.113426719603944,0.15765936124487853,0.8458753215137729,0.17546495703012333,0.848950858028052,0.13878873301311015
0.17149162597179365,0.10826143826037918,0.13184927575966793,0.8127572589114544,0.14275705836162225,0.8420231280416923,0.1309880479531334
0.14916367915972847,0.09749520638636587,0.09612606146898821,0.7389970792536109,0.23961671157016512,0.7807486716649125,0.08810586838078707
0.14902523446518484,0.09743101471963397,0.09741320629695484,0.7381739741736528,0.24008008514800513,0.7804646732712842,0.08785777501307007
0.16270682157379215,0.10395194210283011,0.06511559887470297,0.7966388083700178,0.17387505994248598,0.8179983745528457,0.11542710307809462
0.15018275842514947,0.09791620490776379,0.01618806469529005,0.7626981305627173,0.19222787377645617,0.7930407300475737,0.09736439959430909
0.1409267603842133,0.09368354201440582,0.0542028676386775,0.7204666894125269,0.12375793761396195,0.8012508488564811,0.09723767916149292
0.1378808290946211,0.09186488361736142,0.11524364409165291,0.6906400344680743,0.47196667654613633,0.6977206634806696,0.03624130109158363
0.21485429595357958,0.12836446473895763,0.5006572808090004,0.8726416248596759,0.8978805510157725,0.6972753663554638,0.05864001300454822
0.23781575022306153,0.14003587269652845,0.7116450113362599,0.9087355439400724,0.5584133886763176,0.8366448322405119,0.14153367190787952
0.21252313747968157,0.12832919461616976,0.8491470918184824,0.7835632942619808,0.5142560015608847,0.8186742767498428,0.11763947608896795
0.167593342435953,0.10741804032642836,0.9438900716902281,0.5985921715965162,0.3470097026223135,0.807083416269694,0.09022455120941864
0.19552531903582637,0.12075658456271919,0.7917121674453858,0.740270749898476,0.0926065241162877,0.9152588651560568,0.16633438457365213
0.1107584687261616,0.07990564320149428,0.5007663248031561,0.5002477295416403,0.26298902058313384,0.7343767677827127,0.03638359878773034
0.25934995046402487,0.14992357619359137,0.7866365637568509,0.9654199032526581,0.878106676004317,0.7768665128996685,0.11501291949166037
0.2583078167997195,0.14960653737248997,0.8448886872269221,0.9481353021802561,0.8154675624124283,0.795798974981363,0.12383916516277474
0.23731445501950535,0.13985041850966418,0.8736671931914073,0.8657983594271228,0.7085365977598199,0.7981965972378876,0.11579885533143747
0.2111339633684168,0.1275948635929781,0.6412509555741803,0.8311729059997036,0.3285426840966091,0.8631057738233242,0.14705910255850543
0.09645106454999333,0.07341206741089244,0.6458689239625941,0.41323570039826607,0.22143214342126433,0.7315388940920297,0.02537621814507491
0.14613093352751308,0.09632130526343581,0.39317387464732806,0.6539453325258758,0.3911910792997457,0.7432886157317562,0.05863860384268844
0.14440446313794586,0.09549705554371098,0.3747699978142869,0.6523193037077979,0.3744037182474092,0.7450447010574903,0.05935311743638633
0.22366999381962244,0.13283383520589437,0.4357789262477285,0.9238027509450102,0.6064112551320587,0.7923277359602408,0.11734780570774014
0.16283135544418925,0.10311806889664352,0.09341397953759356,0.7825242816055962,0.8658188722785795,0.6175960233637858,0.002007745934566346
0.17119321170780397,0.1070616683126483,0.060630798548970265,0.8212578097036948,0.8410542827615177,0.6354775355591328,0.01632352292799335
0.17577182591136137,0.1092577889988208,0.05524472701573404,0.8395467652057724,0.8149798296317274,0.6493813549731864,0.02617550295533351
0.19700304919019476,0.11940551856931432,0.0729942582764147,0.9131073017617298,0.7701929589358362,0.6932571517921962,0.05924200856694271
0.19488833508240472,0.11840999017430123,0.06839835768042044,0.9066300859342107,0.7601252272962068,0.6930156453561294,0.05834004957602521
0.2024305503028561,0.12357056209149782,0.5232948496222055,0.8305028610709321,0.11801958007342697,0.9077098684591405,0.17138707163616365
0.17783563575761996,0.11169123581729773,0.4283908520725459,0.7633319111847423,0.174823273047367,0.8526915136727701,0.13250651639356179
0.22203593799884191,0.13254136491125565,0.29803739064427975,0.9571045619609195,0.09057384753645005,0.9352096697563961,0.20039339576285203
0.218111530776013,0.13077887924293388,0.31496158568923993,0.9392552506921239,0.03878881126548889,0.9453511782658154,0.20406905466310643
0.1777655987689831,0.1115824568820771,0.8551902014681739,0.6530420427908215,0.7272779642494142,0.7074389298080339,0.040485225974457334
0.13509932421136558,0.09191642793247716,0.7531296370872069,0.5281887971973536,0.203548530829879,0.7956424227420328,0.07489715138147945
0.12815152803091262,0.08853416589690269,0.740902637324682,0.5052584491890318,0.256109561976173,0.7700010064580745,0.0578797639613368
0.09859533775673003,0.07430775523645518,0.5457189443805865,0.44574103637514456,0.19363591914981698,0.7389708888793396,0.03285057207609236
0.10552514377912196,0.07759514876617445,0.5704691484144361,0.4646880569296302,0.21937742243038164,0.7422342578416218,0.03696505257576414
0.10915876388306965,0.07935135025264864,0.5988770330938581,0.4709330909122433,0.22686681108289836,0.7462684013932923,0.040059706665364
0.08471996545726215,0.06814888145569818,0.7206769088170635,0.3537148576441207,0.09086254980383222,0.7556923375332912,0.03231443574748721
0.09442094641260051,0.0728104167152149,0.742027144504829,0.38413529237545824,0.06747949391601185,0.7770817309824327,0.04786064712435055
0.06464606174173501,0.05815384825617384,0.40051528903096045,0.3586590245191574,0.0757415345802229,0.719701766825266,0.011421219195896781
0.05745366130730134,0.054696117498154985,0.3822671245682293,0.33671183546421085,0.09146159359408976,0.7042247517048354,1.677433566803499E-4
0.05755485128977486,0.05474389604049825,0.38353020700620344,0.33675550800676274,0.09305238694315351,0.7039518265636056,2.576007901594797E-5
0.05609754854940331,0.0540815456413469,0.3805706793207804,0.332432746878531,0.06886853096306403,0.7088184731170802,0.0022319701502132644
0.06768701919532076,0.059753428358790835,0.4459968894363413,0.35938397659025073,0.011448880413878041,0.7444439679293083,0.025515708787547588
0.10697647318931364,0.0783663366583231,0.5039136627179494,0.4877247910244954,0.08024835350762277,0.7823694540053127,0.06175250859211473
0.2187740667123389,0.13165262315400544,0.9957895042523635,0.7717171518167464,0.41784660540674917,0.8610879931239693,0.14058301725481287
0.2666304597331645,0.1545045190924256,0.9387340918906276,0.9622328687132725,0.21993540990120725,0.9846399516450739,0.2313212596605676
0.2682664188375577,0.15522612401592514,0.8978432288282724,0.9782404224863679,0.21183153857523096,0.9878092822105068,0.2347640432968437
0.17544769392615167,0.11070366243674973,0.8196824826561837,0.6554936253731791,0.524025535215628,0.7620552616170234,0.0711162414263661
0.19191459952235854,0.11842067465512446,0.7320771217252017,0.7372772335909168,0.4846579088749638,0.793674978307059,0.09783818627617688
0.209316168803786,0.1261237942429798,0.5596895390240684,0.8404613860676541,0.6837292249188138,0.7539984095998742,0.08685406790634997
0.2288030557034235,0.13577628173493358,0.4583070529442931,0.9409180246609035,0.255858013438588,0.9026060895023951,0.1810020644894632
0.21766611204893455,0.13114754122073313,0.6967496272656796,0.8445040596970014,0.05520711013834996,0.9540940502483689,0.19964507422209007
0.2206891924933735,0.13264068654266703,0.7086092702079329,0.8529808057812366,0.024095117024896126,0.9678951882529081,0.20838090443577942
0.2158370896187571,0.13032024959985775,0.6859243567172474,0.8409344522082494,0.013622352806800849,0.9632113346602444,0.20427834776746434
0.24409179223946692,0.14342880235348648,0.6119915937673637,0.9605937995858382,0.13287844235179297,0.9658649582312299,0.21925398600057563
0.2517093046698849,0.14704116720155538,0.630041522890343,0.9837581042313727,0.15145373965849063,0.9719451611967032,0.2253995903147765
0.22469288443046218,0.13437453025893428,0.6214600430906277,0.8885798538460743,0.0430258684617437,0.9648353574993838,0.21040875486195024
0.20385520993183023,0.12470168223621322,0.842399040891311,0.7576255017224663,0.15269062673121503,0.9114662718380946,0.16643545287147946
0.18574095475878882,0.11591669958074984,0.7285505849185105,0.7191279506728419,0.16981232162611765,0.8765166046972008,0.14199011372891576
0.20937607245790774,0.12696631214582338,0.7055615708138946,0.8099524156892558,0.2525801972865219,0.8851282997411336,0.1571825648450507
0.19152533706262145,0.11868261624302918,0.7132936466618874,0.7443301400337702,0.1333440861780503,0.8947962633764792,0.15504141590242335
0.19110516254667803,0.11848046651125305,0.7119538930937512,0.7431169279699811,0.134055935028913,0.8939421309978501,0.15441871783946176
0.1523976151738763,0.09978524442180532,0.8289114783691109,0.5691332559562301,0.5329968743236254,0.7270321603730783,0.0416312880872628
0.1898866636944401,0.11664638614106758,0.11238961150124104,0.8820869400027475,0.3639522166621247,0.80298325034674,0.11710479457559528
0.15664203856388653,0.1005895076887883,0.024222085947059574,0.7810114440118439,0.4872258312264066,0.7165556272530779,0.05680031553711638
0.15316184698768218,0.098669270045838,0.047378894281857487,0.7601672701116878,0.7144658595370929,0.6462530086629817,0.015234324402032678
0.1960820692006586,0.1194861270642286,0.23240957519063649,0.8731168855926202,0.5741466227270993,0.7549879267463251,0.08977935549093678
0.19450382539475264,0.11868578708023167,0.22030004160932753,0.8700380828336272,0.598870256712447,0.745091981972342,0.0838461871157826
0.20399252191204065,0.12318075038031667,0.18039822768957942,0.9148469250629099,0.5529185130776766,0.770484396124725,0.10302704663825962
0.11396468149136048,0.08091349003575193,0.1542739553606925,0.5965740621750475,0.23709835320658026,0.7336258922547967,0.04560288206062732
0.15314661885461806,0.09890326256117973,0.06254908184165539,0.7581984939921521,0.5540888143120135,0.693527051997716,0.04147118380807923
0.08399003178212747,0.06711874687404194,0.4187524143901982,0.4228511852017579,0.2445880270473711,0.6986624486674021,0.00715795250359586
0.13462919431221787,0.09138865269292014,0.8301672737715878,0.504227063640171,0.5183353148797061,0.7061044037676312,0.022459511824185072
0.1279157226912102,0.08816563006843955,0.8123709943448639,0.48397352774206126,0.5288255478073154,0.692848588724996,0.012643806846187253
0.12119595985485929,0.08502943778049016,0.8410568127484719,0.45251645956510034,0.5271184336749103,0.6848620316796904,0.004675947108546519
0.11532033667366003,0.08265875082724017,0.8997030416658512,0.4194498553236621,0.2904606929319678,0.7476494719918786,0.03617262245008585
0.13776389834915273,0.09313298572460324,0.5954602590264382,0.5779454602123756,0.05393556132221538,0.8371771561210253,0.10316112436305433
0.1473758681181102,0.09753143660723894,0.5275389273574873,0.629117796743224,0.08971958100817866,0.8378881444720506,0.10917393932906912
0.21878062645464852,0.1311503025775323,0.6740001087564095,0.8500957034477572,0.4164327852668307,0.8495745940259328,0.14182628124250188
0.24577456571293244,0.1436721030987833,0.5846654262007203,0.9691949017715333,0.5099568386751483,0.8573637827661262,0.15953945386264407
0.22417712044582075,0.13381358548754085,0.6992866679663947,0.8641549252340752,0.36725466282852365,0.8725104078883399,0.1563647134266753
0.1564994601485084,0.10145014559367088,0.6432381274245857,0.6294023003855529,0.5224853682358304,0.7290369976887235,0.048914209993399044
0.18465521143646213,0.11470105324637128,0.5837678084782572,0.7465434460057317,0.5188993516519167,0.767881968682886,0.08387134598603346
0.18477894344214307,0.11475990682881887,0.5836600725149189,0.7470239423005441,0.5186034544957385,0.7681400030361996,0.0840704321497665
0.2387036370294685,0.14036115573700314,0.804160654970289,0.8874728810155662,0.7364743637318607,0.7894516292507354,0.11312024906985961
0.20947829488051142,0.12643344548322988,0.35789644540297655,0.8946917409561876,0.27705320791253935,0.8652478434585538,0.15437708715319748
0.1380056106324078,0.09176763169998098,0.1185107871780674,0.6889763875412322,0.591183396626407,0.6632800007027193,0.016830459624136124
0.14809239486641948,0.09759223392602744,0.31708790095841066,0.6833984151609969,0.05051212469500227,0.8425257645683737,0.1171303316956246
0.11748448758972828,0.08345844805776143,0.781539765485549,0.45578214798536015,0.31950252799900747,0.7378793073979253,0.034405548706804
0.20274030178051056,0.12280770147535824,0.3955576307720071,0.8569279762594679,0.640743828506597,0.751093259275998,0.08643201667234071
0.1650491839232342,0.10499362411062846,0.25999692259438906,0.7546582872480779,0.45091619312728975,0.7478260820987304,0.07222708789709674
0.15498347552006547,0.10022822423118875,0.37709466642178213,0.6879802937241618,0.5845266563043272,0.6989335960513248,0.03772849071422052
0.20579585119628035,0.12461034040624817,0.4616011722179083,0.8540414827828926,0.4556077976863911,0.8118319402175367,0.12029903390845903
0.1962457327105031,0.12015461281921344,0.4677475770716161,0.8182221529813799,0.41184112338573176,0.8112437968093472,0.11586313877454367
0.1915529369058524,0.11894627720227939,0.8390157273767589,0.7142529122847736,0.09469317129564646,0.9107610042959021,0.16102183611532916
0.18058233569189652,0.11370819574772273,0.7783732005977062,0.6894826159923898,0.05391334824566131,0.9048070810267559,0.15457975669911594
0.22857249632234936,0.1354988793537671,0.9012639226556424,0.8251426265065743,0.8954390509349802,0.7323365167934983,0.07444633756391433
0.2162103419961932,0.1295327983567969,0.8367039047679872,0.79574188361756,0.9008070462981189,0.7108128466732557,0.05875852835934066
0.21890585750968694,0.13078237314683658,0.8269108604767412,0.8078517416905993,0.9097258197495108,0.7116807324884464,0.06059893511556878
0.2116605940595276,0.1277362272029463,0.9633530658084591,0.7496316202261641,0.7831879832772362,0.7433190601300242,0.07212993217015998
0.16246067101528072,0.10401697037787083,0.6088986648753532,0.6578239746613921,0.6725924143539821,0.692493093146673,0.03164040543965185
0.19806950665926784,0.12125953080914269,0.6387446960634452,0.7830050517762442,0.43306913654204404,0.8139914451398628,0.11406264381090772
0.23068725841399004,0.13672132302780335,0.5591513451032855,0.9223616210488252,0.334583703736242,0.88608320789885,0.17006377885350857
0.1971969028884085,0.12051825784012518,0.5075853792969434,0.8107634094944148,0.5224173611823815,0.7818514699394818,0.0987586519640746
0.13840845901880205,0.09186468357951329,0.06624594247572646,0.703075015201521,0.5996046561800082,0.6594600580007075,0.016101399534558608
0.21800691333676514,0.12968871078684654,0.424937775482518,0.9021563039728375,0.9348135168626757,0.6881844280796658,0.05664648799342015
0.20946867639395442,0.1259930427720624,0.4227193910823052,0.8744683775489688,0.6741753207781114,0.7519190383213731,0.08903322441374449
0.17636955455799155,0.11071714500683298,0.7669537704492104,0.6689041107603699,0.7750823454293967,0.6882528213285558,0.03122528807263243
0.17547455145935387,0.11018308750911804,0.7003484953405764,0.6818158770438069,0.7787764913947305,0.6834343897937902,0.029740509801372092
0.20025445614276421,0.12249166630029798,0.7101922098806249,0.7742655517927967,0.3708566974259654,0.8378742432827502,0.12669572960241948
0.2567976498661687,0.1495652375924003,0.7182024071097436,0.9806311203249706,0.17043403848510996,0.9769140414290961,0.22818951524411885
0.24830380616093725,0.14540026824891247,0.72342816713026,0.9471801386655931,0.2803642651993692,0.9330061019154599,0.19983182695725063
0.21529577452678908,0.12991351809540155,0.9505277380106774,0.7698961954603822,0.4324430952365731,0.8502137540094612,0.13410730332973986
0.2149575352494816,0.12975207183026688,0.9488456375966878,0.7690848193797393,0.4313662662093834,0.849984555363967,0.13387850169047
0.23703247470684174,0.13972717536491938,0.8600043758555225,0.8683580416892076,0.6849943968543765,0.8041492810238982,0.11936015158374425
0.23110637454859878,0.13696782271736102,0.8681727077005623,0.8450603279315076,0.6588113592804987,0.8036616099689261,0.11643402356409974
0.20134980729397797,0.12322113937594228,0.8154473382185046,0.7529988181632046,0.33796652614987843,0.8529183808430991,0.13309152430251736
0.1736489448619056,0.10978854849686763,0.6431683073908349,0.6936739225448825,0.365037892307845,0.7992809935197012,0.09555760356052104
0.07306975322653667,0.06168198086365685,0.15979089098051452,0.4472830907787055,0.13727054227184565,0.7048133950068786,0.012307896879330319
0.0824655636992763,0.06628070650833422,0.2486280041756027,0.4599599681974576,0.13206350054538135,0.7229757740492406,0.024292203147280533
0.2057781499326962,0.12422932251879745,0.24627369450787379,0.9061265379087327,0.48006679913684125,0.796693380448915,0.11693759135640308
0.16464069008035398,0.10397837683422897,0.015158672284332597,0.809205905283062,0.7724888573013313,0.6444603623305578,0.01975505692046381
